-6.543	-0.563881
-6.542	-0.551738
-6.541	-0.539675
-6.537	-0.527605
-6.535	-0.516065
-6.527	-0.504492
-6.522	-0.493229
-6.516	-0.481538
-6.508	-0.470623
-6.500	-0.459593
-6.490	-0.448914
-6.482	-0.438433
-6.470	-0.428090
-6.459	-0.418043
-6.447	-0.408028
-6.434	-0.398171
-6.422	-0.388576
-6.408	-0.379079
-6.395	-0.369856
-6.380	-0.360941
-6.364	-0.352203
-6.349	-0.343598
-6.332	-0.334808
-6.316	-0.326393
-6.300	-0.318190
-6.281	-0.310069
-6.264	-0.302176
-6.246	-0.294224
-6.226	-0.286452
-6.208	-0.279019
-6.188	-0.271512
-6.168	-0.264293
-6.148	-0.256688
-6.127	-0.249716
-6.107	-0.242871
-6.086	-0.235722
-6.063	-0.228882
-6.041	-0.222234
-6.020	-0.215355
-5.997	-0.209023
-5.974	-0.202676
-5.951	-0.196303
-5.927	-0.190110
-5.904	-0.184321
-5.878	-0.178122
-5.855	-0.172605
-5.831	-0.166483
-5.807	-0.160868
-5.782	-0.155446
-5.757	-0.149879
-5.731	-0.144477
-5.706	-0.139162
-5.681	-0.133968
-5.655	-0.128911
-5.629	-0.123728
-5.604	-0.118985
-5.576	-0.114062
-5.550	-0.109003
-5.523	-0.104238
-5.498	-0.099347
-5.472	-0.094750
-5.443	-0.090060
-5.417	-0.085628
-5.389	-0.081255
-5.361	-0.076955
-5.335	-0.072359
-5.307	-0.068143
-5.281	-0.063902
-5.253	-0.059764
-5.225	-0.055745
-5.197	-0.051671
-5.169	-0.047741
-5.140	-0.043769
-5.112	-0.039979
-5.083	-0.036136
-5.056	-0.032136
-5.026	-0.028326
-4.998	-0.024637
-4.970	-0.021002
-4.940	-0.017514
-4.911	-0.013635
-4.882	-0.010155
-4.853	-0.006668
-4.825	-0.003385
-4.795	0.000211
-4.767	0.003721
-4.737	0.006730
-4.708	0.010103
-4.678	0.013145
-4.649	0.016341
-4.620	0.019859
-4.590	0.022639
-4.559	0.025843
-4.530	0.028821
-4.501	0.032215
-4.471	0.034886
-4.441	0.038157
-4.411	0.040989
-4.381	0.043889
-4.351	0.046953
-4.321	0.049595
-4.291	0.052366
-4.261	0.055187
-4.232	0.058175
-4.200	0.061164
-4.171	0.063557
-4.140	0.066163
-4.110	0.068894
-4.080	0.071567
-4.049	0.074312
-4.020	0.076766
-3.989	0.079422
-3.959	0.081851
-3.927	0.084549
-3.896	0.086785
-3.867	0.089284
-3.835	0.091842
-3.806	0.094433
-3.774	0.096910
-3.743	0.099364
-3.713	0.101827
-3.683	0.104071
-3.652	0.106338
-3.621	0.108733
-3.591	0.111098
-3.560	0.113446
-3.528	0.115657
-3.498	0.117753
-3.468	0.119751
-3.437	0.122214
-3.404	0.124333
-3.375	0.126616
-3.344	0.128768
-3.314	0.131059
-3.282	0.133250
-3.250	0.135476
-3.220	0.137272
-3.188	0.139270
-3.157	0.141227
-3.126	0.143523
-3.095	0.145739
-3.065	0.147442
-3.032	0.149419
-3.002	0.151539
-2.970	0.153310
-2.938	0.155470
-2.907	0.157160
-2.877	0.159026
-2.845	0.161195
-2.814	0.162976
-2.783	0.164862
-2.751	0.166841
-2.719	0.168740
-2.689	0.170693
-2.657	0.172265
-2.626	0.174380
-2.594	0.176313
-2.563	0.178132
-2.531	0.179756
-2.500	0.181645
-2.468	0.183562
-2.437	0.185196
-2.406	0.186857
-2.372	0.188369
-2.342	0.190025
-2.311	0.191783
-2.279	0.193634
-2.247	0.195382
-2.216	0.197093
-2.184	0.198488
-2.151	0.200216
-2.119	0.201893
-2.089	0.203541
-2.057	0.205463
-2.025	0.207045
-1.994	0.208632
-1.963	0.209918
-1.931	0.211749
-1.899	0.213199
-1.866	0.214660
-1.835	0.216205
-1.804	0.217869
-1.772	0.219484
-1.740	0.220967
-1.708	0.222281
-1.677	0.223888
-1.646	0.225416
-1.613	0.226904
-1.581	0.228469
-1.549	0.229931
-1.519	0.231428
-1.486	0.232984
-1.454	0.234523
-1.422	0.235950
-1.391	0.237494
-1.358	0.238767
-1.327	0.240111
-1.295	0.241462
-1.263	0.242801
-1.230	0.244230
-1.199	0.245699
-1.168	0.247144
-1.135	0.248663
-1.104	0.250206
-1.072	0.251489
-1.040	0.252838
-1.008	0.254037
-0.975	0.255249
-0.944	0.256536
-0.911	0.258001
-0.879	0.259388
-0.847	0.260569
-0.816	0.261975
-0.783	0.263326
-0.750	0.264556
-0.718	0.265741
-0.687	0.267016
-0.655	0.268313
-0.623	0.269665
-0.591	0.270883
-0.560	0.272085
-0.526	0.273289
-0.495	0.274567
-0.462	0.275838
-0.430	0.276936
-0.399	0.278049
-0.366	0.279190
-0.333	0.280380
-0.301	0.281724
-0.270	0.283036
-0.237	0.284239
-0.205	0.285495
-0.173	0.286663
-0.139	0.287757
-0.107	0.288836
-0.076	0.290006
-0.043	0.291071
-0.012	0.292190
0.021	0.293272
0.053	0.294466
0.086	0.295511
0.117	0.296780
0.150	0.297943
0.182	0.298865
0.214	0.300002
0.246	0.301105
0.280	0.302126
0.312	0.303037
0.343	0.304078
0.375	0.305122
0.408	0.306198
0.441	0.307311
0.473	0.308244
0.506	0.309166
0.537	0.310194
0.569	0.311267
0.603	0.312334
0.635	0.313377
0.667	0.314506
0.700	0.315496
0.732	0.316503
0.763	0.317574
0.797	0.318509
0.829	0.319411
0.862	0.320452
0.894	0.321538
0.927	0.322784
0.958	0.323895
0.991	0.325055
1.023	0.326129
1.055	0.327173
1.089	0.328167
1.121	0.329113
1.153	0.329939
1.186	0.330749
1.218	0.331604
1.250	0.332462
1.283	0.333345
1.316	0.334240
1.348	0.335195
1.381	0.336093
1.413	0.336993
1.447	0.337786
1.478	0.338662
1.511	0.339509
1.542	0.340495
1.575	0.341337
1.609	0.342195
1.641	0.342893
1.673	0.343666
1.705	0.344553
1.739	0.345393
1.771	0.346109
1.804	0.346847
1.836	0.347668
1.869	0.348586
1.902	0.349427
1.934	0.350202
1.967	0.351012
1.999	0.351797
2.032	0.352592
2.064	0.353465
2.098	0.354261
2.130	0.354982
2.161	0.355662
2.195	0.356398
2.227	0.357154
2.261	0.357957
2.292	0.358733
2.325	0.359504
2.358	0.360239
2.391	0.361012
2.423	0.361748
2.456	0.362422
2.488	0.363121
2.521	0.363856
2.554	0.364616
2.586	0.365360
2.620	0.366059
2.652	0.366756
2.685	0.367414
2.718	0.368107
2.750	0.368832
2.783	0.369522
2.815	0.370235
2.848	0.370988
2.880	0.371698
2.913	0.372265
2.946	0.372859
2.979	0.373558
3.011	0.374192
3.044	0.374826
3.077	0.375469
3.111	0.376103
3.144	0.376720
3.175	0.377396
3.207	0.378003
3.241	0.378659
3.274	0.379309
3.305	0.379902
3.339	0.380503
3.372	0.381162
3.404	0.381839
3.438	0.382447
3.471	0.383148
3.502	0.383837
3.535	0.384399
3.568	0.385016
3.601	0.385548
3.634	0.386098
3.666	0.386636
3.700	0.387225
3.732	0.387841
3.764	0.388424
3.798	0.389011
3.830	0.389631
3.863	0.390142
3.896	0.390688
3.930	0.391261
3.961	0.391806
3.995	0.392368
4.028	0.392890
4.061	0.393479
4.093	0.394036
4.126	0.394612
4.159	0.395209
4.192	0.395747
4.225	0.396296
4.258	0.396761
4.290	0.397283
4.323	0.397788
4.356	0.398288
4.388	0.398771
4.422	0.399252
4.454	0.399757
4.487	0.400303
4.520	0.400769
4.552	0.401254
4.585	0.401734
4.618	0.402260
4.651	0.402745
4.685	0.403226
4.716	0.403681
4.751	0.404123
4.782	0.404552
4.816	0.405038
4.848	0.405566
4.881	0.406063
4.916	0.406558
4.947	0.407064
4.980	0.407505
5.014	0.408013
5.047	0.408564
5.079	0.409042
5.113	0.409522
5.145	0.410018
5.178	0.410555
5.211	0.411013
5.243	0.411426
5.277	0.411875
5.310	0.412380
5.342	0.412835
5.376	0.413260
5.409	0.413650
5.441	0.414080
5.474	0.414482
5.507	0.414862
5.539	0.415248
5.572	0.415666
5.605	0.416082
5.638	0.416458
5.672	0.416912
5.705	0.417328
5.738	0.417735
5.770	0.418106
5.804	0.418479
5.836	0.418892
5.869	0.419307
5.903	0.419735
5.935	0.420141
5.967	0.420517
6.000	0.420895
6.034	0.421278
6.068	0.421646
6.100	0.422021
6.133	0.422405
6.166	0.422832
6.199	0.423251
6.231	0.423660
6.265	0.424044
6.299	0.424439
6.332	0.424819
6.363	0.425172
6.397	0.425543
6.431	0.425952
6.463	0.426340
6.496	0.426687
6.529	0.427024
6.563	0.427398
6.596	0.427731
6.628	0.428071
6.661	0.428446
6.693	0.428794
6.727	0.429149
6.760	0.429483
6.793	0.429782
6.825	0.430056
6.860	0.430321
6.892	0.430591
6.926	0.430915
6.957	0.431277
6.991	0.431626
7.024	0.431944
7.056	0.432249
7.090	0.432566
7.123	0.432915
7.156	0.433298
7.189	0.433641
7.222	0.433957
7.256	0.434254
7.289	0.434571
7.321	0.434905
7.355	0.435232
7.388	0.435542
7.422	0.435855
7.454	0.436157
7.486	0.436429
7.520	0.436726
7.552	0.437034
7.586	0.437354
7.619	0.437652
7.652	0.437921
7.686	0.438193
7.718	0.438471
7.752	0.438768
7.784	0.439079
7.818	0.439359
7.851	0.439619
7.884	0.439879
7.917	0.440162
7.949	0.440458
7.983	0.440731
8.017	0.440995
8.050	0.441255
8.083	0.441496
8.115	0.441725
8.149	0.441963
8.182	0.442222
8.215	0.442483
8.247	0.442759
8.282	0.443051
8.314	0.443318
8.347	0.443548
8.379	0.443773
8.412	0.444023
8.446	0.444275
8.479	0.444512
8.513	0.444732
8.545	0.444955
8.578	0.445183
8.611	0.445416
8.643	0.445651
8.678	0.445878
8.711	0.446098
8.744	0.446322
8.776	0.446548
8.810	0.446766
8.843	0.447013
8.876	0.447264
8.910	0.447498
8.943	0.447728
8.976	0.447973
9.010	0.448224
9.042	0.448474
9.075	0.448712
9.107	0.448946
9.142	0.449177
9.173	0.449431
9.208	0.449686
9.240	0.449946
9.273	0.450213
9.307	0.450482
9.340	0.450748
9.372	0.450992
9.406	0.451205
9.438	0.451415
9.473	0.451625
9.506	0.451833
9.538	0.452024
9.572	0.452200
9.605	0.452382
9.637	0.452560
9.671	0.452738
9.704	0.452917
9.738	0.453107
9.771	0.453295
9.804	0.453474
9.836	0.453662
9.870	0.453848
9.903	0.454035
9.936	0.454236
9.969	0.454437
10.003	0.454636
10.036	0.454819
10.069	0.455003
10.101	0.455182
10.134	0.455346
10.169	0.455518
10.201	0.455696
10.234	0.455873
10.269	0.456044
10.301	0.456207
10.334	0.456367
10.368	0.456536
10.399	0.456706
10.432	0.456869
10.467	0.457027
10.500	0.457189
10.533	0.457352
10.566	0.457517
10.599	0.457677
10.633	0.457837
10.665	0.457993
10.699	0.458146
10.732	0.458295
10.764	0.458443
10.798	0.458592
10.831	0.458741
10.864	0.458890
10.898	0.459039
10.930	0.459189
10.965	0.459338
10.998	0.459489
11.031	0.459640
11.063	0.459792
11.095	0.459944
11.129	0.460097
11.163	0.460251
11.195	0.460405
11.230	0.460559
11.262	0.460714
11.295	0.460869
11.329	0.461023
11.362	0.461177
11.395	0.461331
11.428	0.461485
11.462	0.461639
11.494	0.461795
11.527	0.461950
11.561	0.462107
11.594	0.462265
11.628	0.462423
11.661	0.462579
11.693	0.462735
11.728	0.462892
11.760	0.463050
11.793	0.463207
11.827	0.463366
11.859	0.463525
11.892	0.463684
11.926	0.463843
11.960	0.464003
11.992	0.464163
12.026	0.464323
12.060	0.464484
12.093	0.464644
12.125	0.464804
12.158	0.464963
12.192	0.465122
12.225	0.465281
12.257	0.465441
12.291	0.465600
12.324	0.465760
12.358	0.465921
12.391	0.466081
12.424	0.466240
12.458	0.466399
12.491	0.466556
12.525	0.466714
12.557	0.466871
12.590	0.467027
12.623	0.467183
12.657	0.467338
12.690	0.467494
12.723	0.467649
12.757	0.467805
12.790	0.467960
12.822	0.468116
12.857	0.468271
12.890	0.468427
12.922	0.468582
12.956	0.468738
12.989	0.468893
13.023	0.469047
13.056	0.469202
13.089	0.469356
13.122	0.469509
13.155	0.469662
13.189	0.469814
13.222	0.469965
13.254	0.470115
13.288	0.470265
13.321	0.470414
13.356	0.470564
13.388	0.470715
13.420	0.470866
13.454	0.471016
13.487	0.471166
13.520	0.471316
13.553	0.471465
13.587	0.471614
13.620	0.471761
13.653	0.471907
13.686	0.472053
13.720	0.472197
13.753	0.472340
13.786	0.472483
13.819	0.472625
13.853	0.472766
13.886	0.472907
13.918	0.473047
13.954	0.473187
13.986	0.473326
14.018	0.473467
14.051	0.473608
14.084	0.473748
14.118	0.473888
14.152	0.474028
14.185	0.474168
14.218	0.474308
14.252	0.474447
14.285	0.474587
14.318	0.474727
14.352	0.474866
14.385	0.475004
14.418	0.475143
14.451	0.475282
14.485	0.475420
14.517	0.475557
14.550	0.475695
14.583	0.475831
14.617	0.475968
14.651	0.476104
14.683	0.476240
14.716	0.476375
14.750	0.476510
14.784	0.476644
14.817	0.476778
14.851	0.476911
14.883	0.477043
14.916	0.477175
14.950	0.477305
14.983	0.477435
15.017	0.477564
15.050	0.477694
15.083	0.477823
15.116	0.477952
15.148	0.478080
15.182	0.478208
15.215	0.478336
15.248	0.478464
15.282	0.478591
15.316	0.478717
15.350	0.478842
15.383	0.478966
15.416	0.479089
15.448	0.479212
15.482	0.479335
15.515	0.479457
15.548	0.479579
15.580	0.479701
15.614	0.479822
15.648	0.479942
15.681	0.480062
15.714	0.480182
15.748	0.480300
15.781	0.480418
15.814	0.480535
15.848	0.480652
15.881	0.480769
15.913	0.480886
15.947	0.481002
15.980	0.481119
16.014	0.481236
16.047	0.481353
16.079	0.481469
16.113	0.481587
16.146	0.481704
16.180	0.481821
16.214	0.481937
16.246	0.482053
16.280	0.482170
16.313	0.482286
16.346	0.482401
16.379	0.482516
16.412	0.482630
16.446	0.482743
16.480	0.482855
16.513	0.482967
16.546	0.483078
16.579	0.483190
16.613	0.483300
16.646	0.483410
16.679	0.483518
16.713	0.483626
16.745	0.483734
16.777	0.483841
16.813	0.483948
16.846	0.484054
16.878	0.484160
16.911	0.484266
16.945	0.484371
16.978	0.484475
17.012	0.484579
17.046	0.484682
17.077	0.484784
17.112	0.484886
17.145	0.484987
17.178	0.485089
17.212	0.485191
17.245	0.485293
17.278	0.485395
17.311	0.485497
17.344	0.485599
17.378	0.485701
17.410	0.485802
17.444	0.485903
17.477	0.486003
17.510	0.486103
17.545	0.486202
17.577	0.486301
17.611	0.486399
17.643	0.486497
17.678	0.486593
17.711	0.486689
17.744	0.486784
17.777	0.486879
17.810	0.486973
17.843	0.487068
17.877	0.487163
17.909	0.487257
17.943	0.487352
17.977	0.487446
18.010	0.487540
18.045	0.487633
18.076	0.487726
18.110	0.487818
18.144	0.487910
18.177	0.488000
18.209	0.488091
18.242	0.488180
18.276	0.488269
18.309	0.488357
18.342	0.488446
18.377	0.488533
18.409	0.488620
18.443	0.488707
18.477	0.488793
18.509	0.488878
18.542	0.488964
18.575	0.489049
18.609	0.489134
18.643	0.489219
18.676	0.489304
18.709	0.489389
18.742	0.489474
18.775	0.489558
18.809	0.489643
18.842	0.489727
18.875	0.489811
18.908	0.489894
18.942	0.489977
18.975	0.490059
19.007	0.490142
19.042	0.490224
19.075	0.490306
19.108	0.490388
19.142	0.490470
19.175	0.490552
19.207	0.490634
19.241	0.490715
19.276	0.490796
19.308	0.490877
19.341	0.490958
19.376	0.491038
19.408	0.491118
19.442	0.491198
19.475	0.491281
19.507	0.491365
19.542	0.491452
19.574	0.491542
19.608	0.491637
19.641	0.491735
19.673	0.491836
19.707	0.491938
19.739	0.492040
19.774	0.492142
19.807	0.492244
19.841	0.492344
19.875	0.492444
19.907	0.492543
19.941	0.492641
19.973	0.492737
20.006	0.492833
20.041	0.492927
20.073	0.493020
20.107	0.493112
20.140	0.493203
20.173	0.493293
20.208	0.493382
20.240	0.493469
20.273	0.493556
20.307	0.493642
20.341	0.493726
20.373	0.493810
20.407	0.493893
20.441	0.493975
20.475	0.494056
20.507	0.494136
20.540	0.494215
20.573	0.494293
20.607	0.494371
20.640	0.494447
20.673	0.494523
20.707	0.494597
20.740	0.494671
20.775	0.494744
20.806	0.494816
20.841	0.494887
20.874	0.494957
20.907	0.495027
20.940	0.495095
20.974	0.495163
21.007	0.495230
21.040	0.495296
21.074	0.495362
21.107	0.495427
21.140	0.495491
21.173	0.495554
21.207	0.495616
21.239	0.495678
21.274	0.495739
21.306	0.495800
21.340	0.495859
21.374	0.495918
21.407	0.495977
21.441	0.496034
21.473	0.496091
21.506	0.496148
21.540	0.496204
21.573	0.496259
21.607	0.496313
21.639	0.496367
21.674	0.496421
21.706	0.496473
21.740	0.496525
21.773	0.496577
21.807	0.496628
21.840	0.496678
21.872	0.496728
21.906	0.496778
21.940	0.496826
21.973	0.496875
22.006	0.496923
22.040	0.496970
22.073	0.497016
22.107	0.497063
22.139	0.497108
22.174	0.497153
22.206	0.497198
22.239	0.497242
22.273	0.497286
22.306	0.497329
22.339	0.497372
22.373	0.497415
22.406	0.497457
22.439	0.497498
22.472	0.497539
22.506	0.497580
22.540	0.497620
22.573	0.497660
22.607	0.497699
22.640	0.497738
22.672	0.497776
22.707	0.497815
22.740	0.497853
22.774	0.497890
22.807	0.497927
22.840	0.497964
22.874	0.498000
22.906	0.498036
22.939	0.498072
22.973	0.498107
23.006	0.498142
23.041	0.498176
23.073	0.498211
23.106	0.498245
23.140	0.498278
23.173	0.498311
23.206	0.498344
23.239	0.498376
23.272	0.498409
23.306	0.498441
23.340	0.498472
23.373	0.498503
23.406	0.498534
23.440	0.498565
23.472	0.498595
23.505	0.498625
23.540	0.498655
23.573	0.498684
23.606	0.498714
23.640	0.498743
23.673	0.498772
23.707	0.498800
23.739	0.498828
23.774	0.498856
23.806	0.498884
23.839	0.498912
23.873	0.498939
23.906	0.498967
23.940	0.498994
23.972	0.499021
24.006	0.499047
24.039	0.499073
24.072	0.499100
24.105	0.499126
24.139	0.499152
24.173	0.499177
24.207	0.499203
24.239	0.499228
24.273	0.499254
24.306	0.499278
24.339	0.499303
24.373	0.499327
24.406	0.499352
24.440	0.499376
24.473	0.499400
24.506	0.499424
24.539	0.499447
24.573	0.499471
24.606	0.499494
24.639	0.499517
24.673	0.499541
24.706	0.499563
24.740	0.499586
24.773	0.499608
24.807	0.499631
24.839	0.499653
24.872	0.499675
24.906	0.499697
24.939	0.499719
24.972	0.499741
25.005	0.499762
25.039	0.499784
25.071	0.499805
25.107	0.499826
25.139	0.499847
25.173	0.499868
25.207	0.499889
25.240	0.499909
25.272	0.499930
25.306	0.499950
25.339	0.499971
25.373	0.499991
25.406	0.500011
25.439	0.500031
25.473	0.500051
25.506	0.500071
25.539	0.500090
25.573	0.500110
25.606	0.500129
25.639	0.500148
25.673	0.500168
25.706	0.500187
25.738	0.500206
25.773	0.500225
25.805	0.500244
25.840	0.500263
25.873	0.500282
25.905	0.500300
25.939	0.500319
25.971	0.500337
26.005	0.500356
26.039	0.500374
26.072	0.500393
26.105	0.500411
26.139	0.500429
26.172	0.500447
26.206	0.500466
26.238	0.500484
26.273	0.500502
26.306	0.500519
26.339	0.500537
26.372	0.500555
26.406	0.500573
26.440	0.500590
26.473	0.500608
26.506	0.500625
26.538	0.500643
26.572	0.500661
26.606	0.500678
26.638	0.500695
26.673	0.500713
26.705	0.500730
26.738	0.500747
26.772	0.500764
26.805	0.500781
26.839	0.500798
26.872	0.500815
26.905	0.500833
26.937	0.500849
26.972	0.500866
27.006	0.500883
27.040	0.500900
27.072	0.500916
27.106	0.500933
27.139	0.500950
27.173	0.500967
27.205	0.500983
27.239	0.501000
27.273	0.501016
27.305	0.501033
27.339	0.501050
27.372	0.501066
27.404	0.501083
27.439	0.501099
27.472	0.501115
27.506	0.501132
27.539	0.501148
27.572	0.501165
27.605	0.501181
27.639	0.501197
27.672	0.501214
27.705	0.501230
27.739	0.501246
27.771	0.501262
27.805	0.501278
27.837	0.501295
27.872	0.501311
27.904	0.501327
27.938	0.501343
27.972	0.501359
28.006	0.501375
28.038	0.501391
28.071	0.501408
28.105	0.501424
28.138	0.501440
28.172	0.501456
28.205	0.501472
28.238	0.501488
28.272	0.501505
28.305	0.501521
28.339	0.501537
28.372	0.501553
28.405	0.501569
28.438	0.501586
28.472	0.501602
28.505	0.501618
28.538	0.501634
28.571	0.501650
28.605	0.501667
28.639	0.501683
28.671	0.501699
28.706	0.501715
28.739	0.501731
28.772	0.501748
28.804	0.501764
28.838	0.501780
28.872	0.501796
28.905	0.501812
28.939	0.501829
28.972	0.501845
29.005	0.501861
29.038	0.501877
29.071	0.501894
29.105	0.501910
29.139	0.501927
29.172	0.501943
29.206	0.501959
29.238	0.501975
29.271	0.501992
29.306	0.502008
29.338	0.502025
29.371	0.502041
29.404	0.502057
29.438	0.502074
29.471	0.502090
29.504	0.502107
29.537	0.502123
29.571	0.502139
29.606	0.502156
29.639	0.502172
29.670	0.502189
29.705	0.502205
29.738	0.502222
29.772	0.502238
29.804	0.502254
29.837	0.502271
29.871	0.502287
29.905	0.502304
29.937	0.502320
29.971	0.502337
30.004	0.502353
30.038	0.502370
30.071	0.502386
30.104	0.502403
30.138	0.502420
30.172	0.502436
30.205	0.502453
30.238	0.502470
30.272	0.502487
30.306	0.502503
30.338	0.502520
30.371	0.502537
30.405	0.502554
30.438	0.502571
30.471	0.502587
30.505	0.502604
30.538	0.502621
30.571	0.502638
30.603	0.502654
30.638	0.502671
30.671	0.502688
30.705	0.502705
30.738	0.502721
30.771	0.502738
30.804	0.502755
30.838	0.502772
30.872	0.502788
30.904	0.502806
30.938	0.502823
30.971	0.502840
31.005	0.502857
31.038	0.502874
31.071	0.502891
31.105	0.502908
31.138	0.502925
31.172	0.502943
31.202	0.502960
31.237	0.502977
31.271	0.502994
31.305	0.503012
31.337	0.503029
31.371	0.503046
31.403	0.503064
31.438	0.503081
31.471	0.503098
31.504	0.503116
31.538	0.503133
31.571	0.503150
31.605	0.503168
31.637	0.503185
31.671	0.503203
31.704	0.503220
31.737	0.503238
31.771	0.503255
31.804	0.503273
31.838	0.503291
31.871	0.503308
31.905	0.503326
31.939	0.503344
31.972	0.503362
32.004	0.503379
32.038	0.503397
32.071	0.503415
32.105	0.503433
32.137	0.503451
32.170	0.503469
32.205	0.503487
32.237	0.503505
32.270	0.503523
32.304	0.503542
32.337	0.503560
32.370	0.503578
32.404	0.503596
32.438	0.503614
32.468	0.503632
32.503	0.503651
32.537	0.503669
32.570	0.503687
32.604	0.503705
32.636	0.503724
32.669	0.503742
32.704	0.503760
32.736	0.503778
32.771	0.503797
32.804	0.503815
32.837	0.503833
32.872	0.503852
32.905	0.503870
32.938	0.503888
32.971	0.503907
33.004	0.503925
33.037	0.503944
33.070	0.503963
33.104	0.503981
33.137	0.504000
33.170	0.504019
33.204	0.504038
33.237	0.504057
33.271	0.504076
33.304	0.504094
33.337	0.504113
33.370	0.504132
33.404	0.504151
33.437	0.504169
33.470	0.504188
33.503	0.504207
33.537	0.504226
33.571	0.504244
33.603	0.504263
33.637	0.504282
33.671	0.504301
33.704	0.504319
33.737	0.504338
33.770	0.504357
33.804	0.504377
33.837	0.504396
33.872	0.504415
33.904	0.504434
33.937	0.504454
33.970	0.504473
34.003	0.504492
34.036	0.504512
34.071	0.504531
34.104	0.504551
34.137	0.504571
34.171	0.504590
34.204	0.504610
34.238	0.504629
34.271	0.504649
34.303	0.504669
34.336	0.504688
34.370	0.504708
34.403	0.504728
34.438	0.504748
34.470	0.504767
34.504	0.504787
34.536	0.504807
34.570	0.504827
34.602	0.504846
34.636	0.504866
34.670	0.504886
34.703	0.504905
34.737	0.504925
34.770	0.504945
34.804	0.504965
34.836	0.504984
34.870	0.505004
34.904	0.505024
34.936	0.505044
34.970	0.505064
35.004	0.505084
35.037	0.505104
35.070	0.505124
35.104	0.505144
35.137	0.505165
35.169	0.505185
35.203	0.505205
35.236	0.505226
35.270	0.505246
35.302	0.505267
35.337	0.505287
35.370	0.505307
35.403	0.505328
35.436	0.505348
35.470	0.505369
35.503	0.505389
35.536	0.505410
35.570	0.505430
35.603	0.505451
35.637	0.505471
35.670	0.505491
35.703	0.505512
35.738	0.505533
35.770	0.505554
35.803	0.505574
35.837	0.505595
35.871	0.505616
35.903	0.505637
35.937	0.505658
35.970	0.505679
36.004	0.505700
36.036	0.505722
36.070	0.505743
36.103	0.505764
36.137	0.505785
36.169	0.505806
36.203	0.505827
36.236	0.505849
36.269	0.505870
36.303	0.505891
36.336	0.505912
36.370	0.505934
36.403	0.505955
36.436	0.505976
36.471	0.505998
36.503	0.506019
36.536	0.506041
36.569	0.506062
36.603	0.506084
36.636	0.506106
36.670	0.506127
36.703	0.506149
36.736	0.506171
36.769	0.506192
36.803	0.506214
36.836	0.506236
36.869	0.506258
36.902	0.506279
36.935	0.506302
36.968	0.506323
37.002	0.506346
37.035	0.506367
37.069	0.506390
37.103	0.506412
37.136	0.506434
37.169	0.506456
37.202	0.506478
37.236	0.506500
37.269	0.506522
37.304	0.506545
37.335	0.506567
37.369	0.506589
37.403	0.506611
37.436	0.506633
37.469	0.506656
37.502	0.506678
37.536	0.506701
37.570	0.506724
37.603	0.506747
37.636	0.506769
37.670	0.506792
37.701	0.506815
37.736	0.506838
37.769	0.506862
37.802	0.506884
37.836	0.506908
37.869	0.506931
37.903	0.506954
37.935	0.506977
37.969	0.507000
38.002	0.507024
38.036	0.507047
38.069	0.507070
38.102	0.507093
38.136	0.507117
38.169	0.507140
38.202	0.507163
38.236	0.507187
38.269	0.507210
38.303	0.507234
38.336	0.507257
38.369	0.507281
38.401	0.507304
38.435	0.507328
38.468	0.507352
38.502	0.507375
38.535	0.507399
38.568	0.507423
38.602	0.507446
38.636	0.507470
38.669	0.507494
38.703	0.507518
38.736	0.507543
38.769	0.507567
38.801	0.507591
38.835	0.507615
38.870	0.507639
38.902	0.507664
38.935	0.507689
38.968	0.507713
39.001	0.507738
39.035	0.507763
39.069	0.507788
39.102	0.507813
39.135	0.507838
39.169	0.507863
39.202	0.507888
39.235	0.507913
39.269	0.507938
39.302	0.507963
39.335	0.507989
39.368	0.508014
39.403	0.508039
39.435	0.508065
39.468	0.508090
39.502	0.508116
39.535	0.508142
39.570	0.508167
39.602	0.508193
39.636	0.508219
39.669	0.508245
39.702	0.508271
39.735	0.508297
39.769	0.508323
39.802	0.508349
39.835	0.508376
39.868	0.508402
39.902	0.508429
39.935	0.508455
39.968	0.508482
40.001	0.508509
40.036	0.508536
40.068	0.508563
40.102	0.508589
40.135	0.508616
40.169	0.508643
40.201	0.508670
40.236	0.508697
40.268	0.508725
40.302	0.508752
40.335	0.508779
40.368	0.508807
40.401	0.508834
40.434	0.508862
40.468	0.508889
40.501	0.508917
40.534	0.508945
40.568	0.508973
40.601	0.509000
40.635	0.509028
40.668	0.509056
40.702	0.509084
40.735	0.509112
40.769	0.509141
40.802	0.509169
40.835	0.509197
40.868	0.509225
40.901	0.509254
40.934	0.509283
40.968	0.509312
41.001	0.509341
41.035	0.509371
41.067	0.509400
41.100	0.509429
41.135	0.509458
41.168	0.509488
41.202	0.509517
41.235	0.509547
41.267	0.509576
41.301	0.509606
41.335	0.509635
41.367	0.509665
41.402	0.509695
41.434	0.509725
41.468	0.509755
41.501	0.509785
41.535	0.509815
41.568	0.509845
41.601	0.509876
41.636	0.509906
41.668	0.509936
41.701	0.509967
41.734	0.509997
41.767	0.510028
41.801	0.510059
41.834	0.510089
41.867	0.510120
41.901	0.510151
41.935	0.510182
41.967	0.510213
42.000	0.510244
42.033	0.510275
42.067	0.510306
42.100	0.510338
42.134	0.510369
42.168	0.510401
42.202	0.510433
42.236	0.510465
42.268	0.510498
42.301	0.510530
42.334	0.510563
42.368	0.510596
42.401	0.510629
42.434	0.510662
42.468	0.510695
42.500	0.510729
42.534	0.510763
42.567	0.510797
42.601	0.510831
42.634	0.510864
42.667	0.510898
42.701	0.510932
42.734	0.510966
42.768	0.511001
42.802	0.511034
42.833	0.511069
42.868	0.511103
42.902	0.511137
42.934	0.511172
42.967	0.511206
43.001	0.511241
43.034	0.511275
43.067	0.511310
43.102	0.511345
43.133	0.511380
43.166	0.511415
43.200	0.511450
43.234	0.511486
43.267	0.511522
43.301	0.511557
43.334	0.511593
43.366	0.511629
43.401	0.511665
43.433	0.511702
43.467	0.511738
43.501	0.511775
43.534	0.511812
43.568	0.511849
43.599	0.511887
43.633	0.511924
43.667	0.511962
43.701	0.512001
43.734	0.512039
43.767	0.512077
43.800	0.512117
43.834	0.512156
43.867	0.512195
43.901	0.512235
43.934	0.512274
43.967	0.512315
44.001	0.512355
44.034	0.512396
44.067	0.512437
44.100	0.512479
44.134	0.512521
44.167	0.512562
44.200	0.512604
44.234	0.512646
44.267	0.512688
44.300	0.512730
44.332	0.512773
44.367	0.512815
44.400	0.512858
44.433	0.512902
44.467	0.512945
44.499	0.512989
44.533	0.513034
44.567	0.513079
44.600	0.513124
44.634	0.513169
44.667	0.513215
44.701	0.513261
44.734	0.513307
44.766	0.513354
44.800	0.513402
44.833	0.513450
44.866	0.513498
44.900	0.513547
44.934	0.513597
44.967	0.513646
45.000	0.513696
45.033	0.513746
45.067	0.513796
45.100	0.513846
45.134	0.513896
45.166	0.513948
45.200	0.513999
45.234	0.514050
45.266	0.514101
45.300	0.514152
45.332	0.514204
45.366	0.514255
45.400	0.514307
45.434	0.514359
45.467	0.514411
45.500	0.514463
45.532	0.514515
45.565	0.514567
45.599	0.514621
45.633	0.514676
45.666	0.514732
45.700	0.514788
45.733	0.514845
45.766	0.514902
45.800	0.514959
45.833	0.515016
45.867	0.515074
45.900	0.515134
45.933	0.515194
45.966	0.515256
45.999	0.515318
46.032	0.515381
46.065	0.515444
46.100	0.515507
46.133	0.515570
46.166	0.515633
46.200	0.515696
46.232	0.515759
46.266	0.515823
46.299	0.515887
46.334	0.515952
46.366	0.516018
46.400	0.516085
46.432	0.516152
46.467	0.516222
46.500	0.516293
46.533	0.516365
46.566	0.516437
46.599	0.516512
46.633	0.516586
46.666	0.516661
46.699	0.516737
46.733	0.516813
46.765	0.516890
46.799	0.516967
46.832	0.517045
46.866	0.517124
46.899	0.517203
46.932	0.517281
46.965	0.517359
46.998	0.517437
47.032	0.517516
47.065	0.517596
47.098	0.517676
47.132	0.517758
47.164	0.517840
47.198	0.517925
47.232	0.518010
47.265	0.518097
47.299	0.518185
47.331	0.518274
47.364	0.518365
47.398	0.518455
47.432	0.518547
47.464	0.518639
47.498	0.518732
47.532	0.518826
47.565	0.518922
47.599	0.519019
47.631	0.519119
47.665	0.519219
47.699	0.519320
47.732	0.519422
47.764	0.519526
47.798	0.519631
47.831	0.519735
47.864	0.519840
47.898	0.519946
47.931	0.520052
47.964	0.520159
47.996	0.520266
48.031	0.520374
48.063	0.520483
48.097	0.520593
48.130	0.520702
48.163	0.520813
48.198	0.520925
48.230	0.521037
48.264	0.521149
48.298	0.521263
48.330	0.521377
48.364	0.521494
48.397	0.521612
48.431	0.521731
48.464	0.521852
48.497	0.521975
48.530	0.522099
48.563	0.522224
48.597	0.522350
48.630	0.522477
48.664	0.522605
48.697	0.522734
48.729	0.522864
48.763	0.522994
48.796	0.523125
48.829	0.523258
48.864	0.523392
48.897	0.523526
48.929	0.523661
48.963	0.523798
48.996	0.523935
49.030	0.524074
49.063	0.524215
49.096	0.524355
49.130	0.524495
49.162	0.524636
49.196	0.524779
49.229	0.524926
49.262	0.525080
49.295	0.525245
49.330	0.525413
49.362	0.525575
49.396	0.525746
49.428	0.525923
49.463	0.526117
49.495	0.526316
49.529	0.526519
49.562	0.526721
49.595	0.526927
49.628	0.527132
49.661	0.527350
49.695	0.527593
49.728	0.527854
49.761	0.528112
49.794	0.528359
49.828	0.528584
49.862	0.528803
49.895	0.529027
49.928	0.529254
49.960	0.529470
49.994	0.529681
50.028	0.529905
50.063	0.530127
50.094	0.530369
50.128	0.530640
50.162	0.530934
50.195	0.531240
50.228	0.531559
50.261	0.531890
50.295	0.532225
50.327	0.532533
50.361	0.532833
50.394	0.533166
50.427	0.533526
50.461	0.533863
50.494	0.534184
50.527	0.534513
50.561	0.534863
50.593	0.535212
50.627	0.535553
50.660	0.535882
50.693	0.536196
50.727	0.536516
50.760	0.536838
50.793	0.537179
50.827	0.537547
50.859	0.537916
50.892	0.538269
50.925	0.538621
50.960	0.538986
50.993	0.539373
51.026	0.539756
51.059	0.540133
51.093	0.540525
51.126	0.540923
51.159	0.541345
51.192	0.541738
51.226	0.542131
51.258	0.542543
51.293	0.543001
51.325	0.543457
51.359	0.543955
51.392	0.544494
51.425	0.544994
51.458	0.545451
51.491	0.545913
51.525	0.546381
51.558	0.546876
51.591	0.547371
51.625	0.547881
51.658	0.548344
51.691	0.548793
51.724	0.549249
51.758	0.549702
51.790	0.550239
51.824	0.550814
51.858	0.551341
51.890	0.551885
51.922	0.552432
51.957	0.552971
51.990	0.553484
52.023	0.553968
52.056	0.554486
52.089	0.555008
52.123	0.555515
52.156	0.555967
52.189	0.556470
52.223	0.557006
52.256	0.557542
52.290	0.558126
52.322	0.558719
52.356	0.559314
52.389	0.559909
52.422	0.560468
52.456	0.560986
52.488	0.561520
52.523	0.562077
52.555	0.562619
52.588	0.563151
52.622	0.563708
52.654	0.564266
52.687	0.564798
52.721	0.565354
52.755	0.565891
52.787	0.566459
52.821	0.567029
52.854	0.567564
52.888	0.568095
52.920	0.568557
52.954	0.569048
52.987	0.569609
53.021	0.570139
53.053	0.570676
53.087	0.571272
53.120	0.571884
53.153	0.572448
53.186	0.572979
53.220	0.573466
53.252	0.573941
53.285	0.574447
53.318	0.574949
53.352	0.575439
53.386	0.575954
53.419	0.576479
53.452	0.577020
53.486	0.577571
53.519	0.578100
53.551	0.578684
53.585	0.579211
53.618	0.579686
53.652	0.580203
53.685	0.580783
53.718	0.581322
53.751	0.581803
53.785	0.582278
53.817	0.582757
53.851	0.583285
53.884	0.583826
53.917	0.584358
53.951	0.584836
53.984	0.585289
54.017	0.585785
54.050	0.586264
54.083	0.586742
54.117	0.587193
54.149	0.587626
54.184	0.588059
54.216	0.588489
54.250	0.588946
54.283	0.589357
54.316	0.589754
54.349	0.590154
54.382	0.590580
54.416	0.591003
54.449	0.591399
54.481	0.591785
54.514	0.592193
54.548	0.592599
54.581	0.593004
54.614	0.593412
54.649	0.593838
54.680	0.594223
54.715	0.594586
54.747	0.594928
54.782	0.595262
54.814	0.595569
54.847	0.595864
54.881	0.596166
54.913	0.596492
54.947	0.596799
54.981	0.597086
55.013	0.597369
55.046	0.597621
55.080	0.597867
55.113	0.598116
55.147	0.598349
55.180	0.598562
55.213	0.598757
55.247	0.598942
55.280	0.599136
55.313	0.599323
55.347	0.599513
55.380	0.599691
55.412	0.599869
55.446	0.600048
55.480	0.600224
55.513	0.600383
55.547	0.600523
55.579	0.600644
55.612	0.600759
55.646	0.600872
55.679	0.600975
55.712	0.601069
55.747	0.601162
55.779	0.601256
55.811	0.601352
55.846	0.601449
55.879	0.601546
55.912	0.601643
55.946	0.601740
55.979	0.601837
56.012	0.601935
56.047	0.602033
56.080	0.602132
56.113	0.602232
56.145	0.602332
56.180	0.602432
56.213	0.602530
56.246	0.602628
56.280	0.602725
56.311	0.602821
56.346	0.602916
56.380	0.603010
56.413	0.603102
56.445	0.603194
56.479	0.603285
56.512	0.603374
56.546	0.603463
56.578	0.603550
56.612	0.603637
56.645	0.603722
56.679	0.603806
56.712	0.603889
56.746	0.603971
56.779	0.604052
56.812	0.604132
56.845	0.604211
56.879	0.604288
56.912	0.604365
56.946	0.604441
56.979	0.604516
57.013	0.604589
57.046	0.604662
57.079	0.604734
57.112	0.604805
57.146	0.604874
57.180	0.604943
57.213	0.605011
57.246	0.605078
57.279	0.605144
57.312	0.605209
57.347	0.605273
57.380	0.605336
57.413	0.605398
57.446	0.605459
57.479	0.605519
57.513	0.605578
57.545	0.605636
57.579	0.605693
57.612	0.605750
57.646	0.605805
57.680	0.605859
57.713	0.605912
57.745	0.605964
57.780	0.606015
57.813	0.606065
57.846	0.606115
57.880	0.606163
57.912	0.606211
57.947	0.606257
57.980	0.606303
58.013	0.606348
58.047	0.606391
58.079	0.606434
58.113	0.606475
58.146	0.606516
58.180	0.606556
58.214	0.606595
58.246	0.606633
58.281	0.606671
58.313	0.606707
58.346	0.606743
58.379	0.606778
58.414	0.606812
58.446	0.606845
58.480	0.606877
58.514	0.606909
58.547	0.606940
58.579	0.606970
58.613	0.606999
58.647	0.607028
58.680	0.607056
58.712	0.607083
58.746	0.607110
58.780	0.607135
58.814	0.607161
58.847	0.607185
58.880	0.607209
58.914	0.607232
58.947	0.607255
58.980	0.607277
59.014	0.607298
59.047	0.607319
59.081	0.607339
59.114	0.607359
59.147	0.607378
59.180	0.607397
59.214	0.607415
59.246	0.607432
59.280	0.607449
59.313	0.607466
59.347	0.607482
59.381	0.607497
59.413	0.607513
59.447	0.607527
59.481	0.607541
59.513	0.607555
59.547	0.607568
59.580	0.607581
59.614	0.607593
59.647	0.607605
59.680	0.607617
59.714	0.607628
59.746	0.607639
59.780	0.607649
59.814	0.607659
59.846	0.607669
59.880	0.607678
59.914	0.607687
59.946	0.607695
59.980	0.607704
60.014	0.607712
60.047	0.607719
60.080	0.607726
60.114	0.607733
60.147	0.607740
60.181	0.607747
60.213	0.607753
60.247	0.607758
60.280	0.607764
60.314	0.607769
60.346	0.607775
60.379	0.607779
60.413	0.607784
60.446	0.607789
60.480	0.607793
60.512	0.607797
60.547	0.607801
60.580	0.607805
60.614	0.607808
60.647	0.607812
60.680	0.607815
60.714	0.607818
60.747	0.607821
60.779	0.607823
60.813	0.607826
60.848	0.607828
60.880	0.607830
60.913	0.607832
60.947	0.607834
60.980	0.607836
61.014	0.607838
61.047	0.607840
61.080	0.607841
61.114	0.607843
61.147	0.607844
61.180	0.607846
61.214	0.607847
61.246	0.607848
61.281	0.607849
61.314	0.607850
61.346	0.607851
61.380	0.607852
61.412	0.607853
61.447	0.607854
61.481	0.607855
61.513	0.607855
61.547	0.607856
61.579	0.607857
61.614	0.607858
61.647	0.607858
61.680	0.607859
61.714	0.607860
61.746	0.607861
61.780	0.607861
61.813	0.607862
61.847	0.607863
61.880	0.607863
61.913	0.607864
61.947	0.607864
61.980	0.607865
62.014	0.607866
62.047	0.607866
62.080	0.607867
62.114	0.607867
62.147	0.607868
62.180	0.607868
62.214	0.607869
62.246	0.607870
62.280	0.607870
62.314	0.607871
62.347	0.607872
62.380	0.607872
62.413	0.607873
62.447	0.607874
62.480	0.607874
62.512	0.607875
62.546	0.607876
62.580	0.607877
62.613	0.607877
62.646	0.607878
62.679	0.607879
62.713	0.607879
62.746	0.607881
62.780	0.607881
62.812	0.607882
62.846	0.607883
62.880	0.607883
62.912	0.607884
62.946	0.607885
62.979	0.607886
63.013	0.607887
63.046	0.607888
63.080	0.607889
63.113	0.607890
63.146	0.607892
63.180	0.607893
63.212	0.607895
63.246	0.607896
63.279	0.607898
63.313	0.607899
63.345	0.607901
63.380	0.607903
63.412	0.607905
63.446	0.607907
63.479	0.607909
63.513	0.607911
63.545	0.607914
63.579	0.607916
63.614	0.607918
63.646	0.607921
63.680	0.607923
63.713	0.607925
63.746	0.607928
63.780	0.607931
63.813	0.607933
63.846	0.607936
63.879	0.607939
63.913	0.607942
63.947	0.607945
63.980	0.607948
64.013	0.607951
64.046	0.607955
64.080	0.607958
64.113	0.607962
64.147	0.607965
64.179	0.607969
64.213	0.607972
64.247	0.607976
64.279	0.607979
64.314	0.607983
64.346	0.607987
64.380	0.607991
64.413	0.607995
64.447	0.607999
64.479	0.608003
64.513	0.608007
64.546	0.608011
64.579	0.608016
64.614	0.608020
64.647	0.608024
64.679	0.608028
64.712	0.608033
64.746	0.608037
64.779	0.608042
64.813	0.608046
64.847	0.608051
64.880	0.608055
64.913	0.608059
64.946	0.608064
64.980	0.608068
65.013	0.608073
65.046	0.608077
65.080	0.608082
65.113	0.608087
65.146	0.608092
65.180	0.608096
65.214	0.608101
65.246	0.608106
65.279	0.608111
65.312	0.608116
65.345	0.608121
65.379	0.608126
65.413	0.608131
65.446	0.608136
65.481	0.608142
65.513	0.608147
65.547	0.608152
65.580	0.608157
65.614	0.608162
65.647	0.608167
65.680	0.608173
65.713	0.608178
65.746	0.608183
65.779	0.608188
65.812	0.608194
65.847	0.608199
65.881	0.608204
65.913	0.608210
65.947	0.608215
65.980	0.608221
66.013	0.608226
66.047	0.608231
66.080	0.608237
66.113	0.608242
66.147	0.608248
66.179	0.608253
66.213	0.608258
66.247	0.608264
66.280	0.608269
66.314	0.608274
66.346	0.608279
66.380	0.608285
66.414	0.608290
66.447	0.608295
66.479	0.608301
66.513	0.608306
66.546	0.608311
66.580	0.608316
66.613	0.608322
66.647	0.608327
66.680	0.608333
66.713	0.608338
66.747	0.608343
66.780	0.608348
66.814	0.608353
66.848	0.608359
66.880	0.608364
66.913	0.608369
66.947	0.608375
66.980	0.608380
67.012	0.608385
67.046	0.608391
67.079	0.608396
67.114	0.608401
67.147	0.608406
67.180	0.608412
67.213	0.608417
67.247	0.608422
67.280	0.608427
67.314	0.608432
67.347	0.608437
67.380	0.608442
67.414	0.608447
67.447	0.608452
67.480	0.608457
67.513	0.608463
67.547	0.608467
67.580	0.608473
67.613	0.608477
67.646	0.608483
67.680	0.608488
67.713	0.608493
67.746	0.608497
67.780	0.608502
67.814	0.608507
67.846	0.608512
67.881	0.608517
67.914	0.608522
67.947	0.608526
67.981	0.608531
68.014	0.608536
68.047	0.608540
68.080	0.608545
68.114	0.608549
68.147	0.608554
68.181	0.608558
68.214	0.608563
68.246	0.608567
68.281	0.608572
68.315	0.608576
68.347	0.608581
68.381	0.608585
68.414	0.608589
68.447	0.608593
68.481	0.608597
68.513	0.608602
68.547	0.608606
68.580	0.608610
68.613	0.608614
68.647	0.608617
68.681	0.608621
68.714	0.608624
68.747	0.608628
68.780	0.608631
68.814	0.608634
68.847	0.608637
68.880	0.608641
68.914	0.608644
68.948	0.608647
68.980	0.608650
69.013	0.608653
69.046	0.608656
69.080	0.608659
69.114	0.608662
69.147	0.608664
69.180	0.608667
69.213	0.608670
69.248	0.608673
69.280	0.608675
69.314	0.608678
69.348	0.608681
69.381	0.608683
69.413	0.608686
69.447	0.608688
69.481	0.608690
69.514	0.608692
69.548	0.608695
69.580	0.608697
69.613	0.608699
69.647	0.608701
69.680	0.608703
69.714	0.608705
69.747	0.608706
69.780	0.608708
69.814	0.608710
69.847	0.608711
69.882	0.608712
69.913	0.608713
69.948	0.608714
69.980	0.608715
70.014	0.608716
70.047	0.608717
70.081	0.608718
70.114	0.608718
70.148	0.608719
70.181	0.608719
70.214	0.608720
70.248	0.608720
70.281	0.608719
70.313	0.608719
70.347	0.608719
70.380	0.608718
70.413	0.608717
70.447	0.608716
70.480	0.608715
70.513	0.608714
70.547	0.608713
70.580	0.608711
70.613	0.608710
70.647	0.608708
70.681	0.608706
70.714	0.608704
70.748	0.608702
70.780	0.608699
70.814	0.608697
70.848	0.608694
70.880	0.608692
70.914	0.608689
70.948	0.608686
70.980	0.608683
71.015	0.608680
71.047	0.608677
71.081	0.608673
71.115	0.608670
71.148	0.608666
71.181	0.608662
71.214	0.608658
71.248	0.608654
71.281	0.608649
71.314	0.608645
71.348	0.608641
71.381	0.608636
71.414	0.608631
71.447	0.608626
71.482	0.608621
71.515	0.608616
71.547	0.608610
71.581	0.608604
71.615	0.608598
71.648	0.608592
71.682	0.608586
71.716	0.608579
71.747	0.608573
71.782	0.608566
71.814	0.608559
71.849	0.608552
71.881	0.608544
71.914	0.608536
71.948	0.608528
71.981	0.608519
72.015	0.608511
72.048	0.608501
72.081	0.608492
72.115	0.608483
72.148	0.608473
72.181	0.608463
72.215	0.608452
72.249	0.608442
72.281	0.608430
72.315	0.608418
72.348	0.608406
72.381	0.608393
72.416	0.608380
72.448	0.608366
72.482	0.608352
72.515	0.608337
72.548	0.608322
72.581	0.608306
72.615	0.608290
72.648	0.608274
72.682	0.608257
72.715	0.608240
72.748	0.608222
72.782	0.608203
72.816	0.608185
72.849	0.608166
72.882	0.608145
72.915	0.608125
72.948	0.608103
72.982	0.608080
73.013	0.608057
73.048	0.608034
73.082	0.608010
73.115	0.607985
73.148	0.607960
73.182	0.607934
73.215	0.607906
73.249	0.607878
73.282	0.607849
73.315	0.607820
73.348	0.607790
73.382	0.607761
73.415	0.607729
73.449	0.607697
73.482	0.607663
73.515	0.607629
73.548	0.607593
73.581	0.607557
73.616	0.607520
73.649	0.607482
73.682	0.607442
73.715	0.607401
73.748	0.607358
73.782	0.607314
73.815	0.607269
73.849	0.607224
73.883	0.607176
73.916	0.607127
73.949	0.607078
73.982	0.607029
74.015	0.606980
74.049	0.606930
74.082	0.606879
74.116	0.606828
74.149	0.606776
74.182	0.606723
74.215	0.606669
74.249	0.606615
74.282	0.606560
74.316	0.606504
74.349	0.606446
74.382	0.606387
74.416	0.606326
74.449	0.606264
74.483	0.606199
74.515	0.606133
74.549	0.606067
74.582	0.606001
74.616	0.605933
74.649	0.605865
74.682	0.605796
74.715	0.605727
74.750	0.605655
74.783	0.605584
74.816	0.605512
74.850	0.605438
74.884	0.605363
74.916	0.605288
74.950	0.605212
74.983	0.605136
75.017	0.605060
75.050	0.604982
75.083	0.604904
75.117	0.604826
75.150	0.604745
75.183	0.604664
75.216	0.604581
75.251	0.604496
75.284	0.604411
75.317	0.604323
75.350	0.604233
75.383	0.604143
75.416	0.604049
75.449	0.603954
75.484	0.603857
75.517	0.603761
75.550	0.603663
75.583	0.603565
75.616	0.603464
75.651	0.603363
75.683	0.603260
75.717	0.603156
75.751	0.603049
75.784	0.602941
75.818	0.602833
75.851	0.602723
75.884	0.602613
75.917	0.602502
75.950	0.602390
75.984	0.602276
76.018	0.602162
76.051	0.602046
76.084	0.601929
76.118	0.601811
76.151	0.601692
76.183	0.601571
76.217	0.601449
76.251	0.601324
76.285	0.601199
76.317	0.601073
76.351	0.600946
76.384	0.600818
76.417	0.600687
76.451	0.600538
76.484	0.600369
76.518	0.600190
76.551	0.600000
76.585	0.599808
76.618	0.599614
76.650	0.599406
76.684	0.599191
76.718	0.598979
76.751	0.598769
76.785	0.598566
76.818	0.598357
76.852	0.598123
76.885	0.597885
76.919	0.597638
76.952	0.597368
76.985	0.597065
77.018	0.596786
77.052	0.596522
77.085	0.596234
77.119	0.595942
77.152	0.595624
77.186	0.595297
77.219	0.594976
77.253	0.594643
77.286	0.594283
77.319	0.593890
77.353	0.593490
77.387	0.593051
77.419	0.592561
77.453	0.592079
77.487	0.591572
77.520	0.591064
77.554	0.590559
77.586	0.590066
77.620	0.589585
77.654	0.589049
77.686	0.588490
77.721	0.587889
77.754	0.587282
77.788	0.586615
77.821	0.585915
77.855	0.585304
77.887	0.584685
77.921	0.584057
77.954	0.583420
77.988	0.582718
78.022	0.581991
78.055	0.581306
78.088	0.580641
78.122	0.579834
78.156	0.579084
78.188	0.578283
78.222	0.577397
78.255	0.576530
78.288	0.575732
78.323	0.574886
78.355	0.574033
78.389	0.573138
78.423	0.572267
78.457	0.571371
78.490	0.570538
78.523	0.569698
78.558	0.568804
78.591	0.567926
78.624	0.567049
78.657	0.566060
78.690	0.565093
78.724	0.564148
78.758	0.563175
78.792	0.562168
78.825	0.561124
78.859	0.559998
78.893	0.558907
78.926	0.557717
78.960	0.556603
78.992	0.555396
79.027	0.554337
79.059	0.553147
79.093	0.551836
79.127	0.550629
79.160	0.549387
79.194	0.548114
79.228	0.546797
79.261	0.545504
79.295	0.544242
79.329	0.542911
79.362	0.541572
79.396	0.540049
79.429	0.538539
79.463	0.537022
79.497	0.535607
79.530	0.534176
79.564	0.532543
79.598	0.530897
79.632	0.529325
79.665	0.527830
79.698	0.526298
79.733	0.524556
79.765	0.522762
79.800	0.520899
79.834	0.518946
79.867	0.517077
79.901	0.515080
79.934	0.513204
79.969	0.511136
80.002	0.509127
80.037	0.506953
80.070	0.504713
80.104	0.502367
80.138	0.500109
80.171	0.497887
80.205	0.495769
80.238	0.493443
80.272	0.490907
80.306	0.488402
80.341	0.485880
80.375	0.483383
80.408	0.480441
80.442	0.477923
80.475	0.475031
80.510	0.472202
80.544	0.469284
80.577	0.466345
80.612	0.463389
80.646	0.460436
80.680	0.457346
80.715	0.454310
80.748	0.451065
80.781	0.447968
80.816	0.444199
80.850	0.440694
80.884	0.437233
80.919	0.433714
80.953	0.429798
80.987	0.426022
81.021	0.422192
81.054	0.418070
81.089	0.414140
81.123	0.410101
81.157	0.406141
81.191	0.401403
81.226	0.396875
81.259	0.392379
81.295	0.387666
81.329	0.382685
81.364	0.377959
81.399	0.373463
81.433	0.367953
81.466	0.362907
81.502	0.357417
81.537	0.352255
81.570	0.346901
81.606	0.341581
81.639	0.335456
81.675	0.329537
81.709	0.323426
81.743	0.317351
81.779	0.311115
81.814	0.304601
81.848	0.297869
81.883	0.291255
81.917	0.284446
81.952	0.277476
81.987	0.270504
82.023	0.263007
82.058	0.255737
82.091	0.248302
82.126	0.240389
82.161	0.232474
82.197	0.224321
82.231	0.215908
82.268	0.207789
82.303	0.199007
82.338	0.190356
82.373	0.181499
82.409	0.172708
82.444	0.163256
82.479	0.153704
82.515	0.143872
82.550	0.134385
82.586	0.124667
82.622	0.114346
82.657	0.103858
82.692	0.093139
82.728	0.082531
82.764	0.071679
82.800	0.060222
82.835	0.049055
82.871	0.037434
82.907	0.025829
82.943	0.014013
82.979	0.001474
83.015	-0.010949
83.051	-0.023258
83.087	-0.036014
83.123	-0.048912
83.160	-0.062254
83.195	-0.075742
83.232	-0.089068
83.269	-0.102512
83.304	-0.116619
83.340	-0.130744
83.377	-0.145055
83.414	-0.159589
83.450	-0.174079
83.487	-0.189143
83.524	-0.203917
83.561	-0.219077
83.597	-0.234572
83.633	-0.249967
83.669	-0.265527
83.707	-0.281352
83.744	-0.297298
83.779	-0.313303
83.817	-0.329416
83.853	-0.345642
83.890	-0.361888
83.927	-0.378344
83.964	-0.394617
84.002	-0.410832
84.038	-0.427329
84.075	-0.444117
84.112	-0.460496
84.148	-0.477007
84.186	-0.493362
84.222	-0.509861
84.259	-0.526091
84.296	-0.542434
84.332	-0.558279
84.370	-0.574423
84.405	-0.589847
84.443	-0.605664
84.479	-0.621029
84.516	-0.635666
84.553	-0.650697
84.589	-0.665221
84.626	-0.679313
84.662	-0.692954
84.698	-0.706240
84.734	-0.719530
84.770	-0.731719
84.806	-0.743712
84.841	-0.755122
84.878	-0.765779
84.912	-0.776088
84.949	-0.785756
84.983	-0.794424
85.018	-0.802912
85.053	-0.810184
85.088	-0.817153
85.122	-0.823181
85.157	-0.828457
85.191	-0.832768
85.225	-0.836316
85.259	-0.838751
85.293	-0.840551
85.326	-0.841195
85.361	-0.841107
85.393	-0.840432
85.426	-0.838300
85.459	-0.835127
85.491	-0.831350
85.523	-0.826751
85.556	-0.820951
85.586	-0.814100
85.620	-0.806316
85.651	-0.797843
85.682	-0.788438
85.713	-0.778110
85.744	-0.767286
85.774	-0.755057
85.805	-0.742215
85.836	-0.728723
85.866	-0.714538
85.896	-0.699623
85.926	-0.683955
85.956	-0.667669
85.985	-0.650764
86.015	-0.633550
86.045	-0.615606
86.074	-0.597329
86.103	-0.578809
86.133	-0.559505
86.162	-0.540165
86.190	-0.520728
86.220	-0.500679
86.249	-0.480480
86.277	-0.460441
86.306	-0.440116
86.336	-0.419609
86.364	-0.399329
86.394	-0.378794
86.422	-0.358493
86.452	-0.338043
86.481	-0.318225
86.510	-0.297932
86.539	-0.278041
86.568	-0.258274
86.596	-0.238701
86.626	-0.219291
86.656	-0.200238
86.684	-0.181436
86.713	-0.163044
86.743	-0.144711
86.773	-0.126750
86.802	-0.108984
86.833	-0.091740
86.861	-0.074866
86.892	-0.058695
86.922	-0.042330
86.951	-0.026047
86.982	-0.010782
87.011	0.004488
87.042	0.019730
87.072	0.034051
87.102	0.048189
87.132	0.062252
87.163	0.075524
87.194	0.088732
87.225	0.101675
87.254	0.114206
87.286	0.126190
87.316	0.137966
87.348	0.149473
87.378	0.160631
87.409	0.171766
87.440	0.182046
87.471	0.192584
87.502	0.202446
87.534	0.212180
87.565	0.221757
87.596	0.230787
87.628	0.239671
87.659	0.248327
87.691	0.256528
87.722	0.264820
87.754	0.272709
87.785	0.280286
87.817	0.288039
87.850	0.295253
87.881	0.302287
87.913	0.309135
87.946	0.315668
87.976	0.321909
88.009	0.328372
88.042	0.334674
88.073	0.340458
88.105	0.346142
88.137	0.351674
88.170	0.356967
88.202	0.361958
88.234	0.367105
88.266	0.372185
88.297	0.376756
88.330	0.381390
88.363	0.385802
88.396	0.390182
88.428	0.394355
88.461	0.398509
88.493	0.402473
88.525	0.406149
88.558	0.410032
88.591	0.413742
88.624	0.417227
88.656	0.420479
88.688	0.424009
88.721	0.427422
88.754	0.430217
88.786	0.433091
88.819	0.436230
88.852	0.438735
88.884	0.441582
88.918	0.444595
88.950	0.447146
88.984	0.449684
89.016	0.452058
89.049	0.454699
89.081	0.456872
89.115	0.459075
89.147	0.461060
89.180	0.463114
89.213	0.465308
89.246	0.467282
89.279	0.469365
89.311	0.471141
89.345	0.472977
89.377	0.474656
89.410	0.476516
89.443	0.478243
89.476	0.479788
89.509	0.481438
89.542	0.483140
89.576	0.484349
89.608	0.485746
89.642	0.487042
89.674	0.488507
89.708	0.489897
89.742	0.491075
89.774	0.492214
89.806	0.493504
89.840	0.494711
89.874	0.495960
89.906	0.497226
89.939	0.498292
89.973	0.499213
90.006	0.500252
90.038	0.501267
90.072	0.502148
90.105	0.502991
90.138	0.503819
90.171	0.504688
90.204	0.505454
90.236	0.506313
90.271	0.507194
90.303	0.507966
90.336	0.508665
90.370	0.509417
90.403	0.510130
90.437	0.510867
90.469	0.511525
90.504	0.512236
90.536	0.513026
90.568	0.513733
90.602	0.514341
90.636	0.514930
90.669	0.515521
90.701	0.516077
90.735	0.516612
90.768	0.517131
90.801	0.517640
90.834	0.518111
90.868	0.518642
90.902	0.519176
90.934	0.519693
90.967	0.520086
91.001	0.520507
91.034	0.520922
91.067	0.521316
91.100	0.521726
91.134	0.522143
91.166	0.522549
91.200	0.522915
91.233	0.523268
91.267	0.523584
91.300	0.523933
91.333	0.524296
91.366	0.524632
91.400	0.524930
91.433	0.525194
91.466	0.525456
91.499	0.525742
91.533	0.526030
91.566	0.526284
91.598	0.526548
91.632	0.526812
91.666	0.527073
91.699	0.527311
91.732	0.527524
91.766	0.527726
91.799	0.527950
91.833	0.528192
91.865	0.528414
91.899	0.528622
91.932	0.528814
91.966	0.529004
91.999	0.529187
92.031	0.529356
92.065	0.529519
92.098	0.529677
92.131	0.529838
92.165	0.530001
92.199	0.530157
92.231	0.530306
92.264	0.530441
92.298	0.530589
92.331	0.530738
92.365	0.530879
92.399	0.531022
92.431	0.531154
92.465	0.531281
92.499	0.531401
92.531	0.531523
92.564	0.531649
92.598	0.531767
92.631	0.531879
92.664	0.531984
92.697	0.532088
92.731	0.532183
92.765	0.532275
92.797	0.532368
92.829	0.532463
92.864	0.532557
92.897	0.532654
92.929	0.532752
92.965	0.532852
92.997	0.532953
93.031	0.533054
93.064	0.533155
93.097	0.533256
93.130	0.533358
93.164	0.533460
93.197	0.533564
93.230	0.533668
93.263	0.533774
93.297	0.533880
93.331	0.533987
93.363	0.534094
93.397	0.534202
93.431	0.534310
93.463	0.534418
93.497	0.534527
93.530	0.534637
93.563	0.534746
93.597	0.534856
93.629	0.534966
93.663	0.535075
93.697	0.535185
93.730	0.535295
93.763	0.535405
93.796	0.535515
93.830	0.535625
93.863	0.535735
93.896	0.535845
93.930	0.535955
93.963	0.536064
93.996	0.536174
94.029	0.536283
94.063	0.536392
94.097	0.536502
94.130	0.536611
94.163	0.536722
94.195	0.536832
94.229	0.536942
94.263	0.537052
94.297	0.537162
94.329	0.537270
94.363	0.537378
94.396	0.537487
94.429	0.537596
94.462	0.537704
94.497	0.537813
94.529	0.537922
94.562	0.538029
94.596	0.538136
94.629	0.538243
94.663	0.538348
94.696	0.538453
94.729	0.538558
94.762	0.538663
94.796	0.538768
94.829	0.538872
94.863	0.538976
94.895	0.539079
94.929	0.539183
94.963	0.539287
94.995	0.539391
95.029	0.539494
95.063	0.539596
95.096	0.539697
95.129	0.539798
95.162	0.539898
95.196	0.539998
95.229	0.540097
95.262	0.540196
95.295	0.540294
95.329	0.540392
95.363	0.540489
95.395	0.540586
95.429	0.540682
95.463	0.540778
95.495	0.540874
95.529	0.540970
95.563	0.541065
95.594	0.541160
95.629	0.541254
95.662	0.541348
95.695	0.541441
95.729	0.541534
95.761	0.541627
95.795	0.541719
95.829	0.541811
95.862	0.541902
95.895	0.541992
95.928	0.542082
95.962	0.542171
95.996	0.542259
96.030	0.542348
96.063	0.542436
96.096	0.542524
96.129	0.542610
96.162	0.542697
96.196	0.542784
96.229	0.542871
96.262	0.542957
96.295	0.543044
96.329	0.543129
96.362	0.543215
96.395	0.543301
96.429	0.543387
96.462	0.543471
96.496	0.543555
96.528	0.543638
96.562	0.543721
96.595	0.543804
96.629	0.543886
96.661	0.543969
96.696	0.544052
96.729	0.544134
96.762	0.544216
96.795	0.544298
96.829	0.544379
96.862	0.544460
96.895	0.544541
96.929	0.544621
96.962	0.544702
96.995	0.544782
97.029	0.544862
97.063	0.544942
97.095	0.545020
97.129	0.545098
97.161	0.545175
97.195	0.545252
97.229	0.545329
97.262	0.545405
97.295	0.545480
97.329	0.545555
97.363	0.545630
97.395	0.545704
97.429	0.545777
97.462	0.545850
97.495	0.545923
97.528	0.545996
97.562	0.546068
97.595	0.546140
97.628	0.546212
97.662	0.546284
97.695	0.546354
97.729	0.546425
97.762	0.546495
97.795	0.546565
97.828	0.546635
97.861	0.546704
97.894	0.546773
97.928	0.546842
97.962	0.546910
97.995	0.546978
98.028	0.547046
98.062	0.547113
98.095	0.547181
98.128	0.547247
98.162	0.547314
98.195	0.547380
98.228	0.547446
98.262	0.547512
98.295	0.547577
98.329	0.547643
98.362	0.547708
98.396	0.547773
98.429	0.547838
98.461	0.547903
98.496	0.547967
98.529	0.548031
98.561	0.548094
98.595	0.548158
98.629	0.548221
98.662	0.548284
98.695	0.548347
98.727	0.548410
98.762	0.548473
98.794	0.548536
98.828	0.548599
98.861	0.548662
98.895	0.548724
98.928	0.548786
98.962	0.548848
98.996	0.548910
99.028	0.548972
99.062	0.549033
99.095	0.549094
99.129	0.549155
99.162	0.549216
99.195	0.549276
99.228	0.549337
99.261	0.549397
99.295	0.549457
99.328	0.549517
99.361	0.549577
99.395	0.549636
99.427	0.549696
99.461	0.549755
99.494	0.549814
99.528	0.549873
99.561	0.549931
99.594	0.549989
99.628	0.550048
99.662	0.550105
99.694	0.550163
99.728	0.550221
99.761	0.550278
99.795	0.550336
99.827	0.550393
99.862	0.550450
99.895	0.550507
99.929	0.550564
99.962	0.550621
99.994	0.550678
100.028	0.550734
100.062	0.550790
100.095	0.550846
100.128	0.550902
100.162	0.550958
100.195	0.551013
100.227	0.551069
100.261	0.551124
100.295	0.551180
100.328	0.551236
100.361	0.551291
100.395	0.551347
100.427	0.551402
100.462	0.551456
100.495	0.551511
100.528	0.551566
100.561	0.551621
100.595	0.551675
100.627	0.551729
100.660	0.551783
100.694	0.551837
100.728	0.551891
100.761	0.551944
100.795	0.551998
100.827	0.552051
100.862	0.552104
100.894	0.552157
100.928	0.552210
100.961	0.552263
100.995	0.552315
101.028	0.552367
101.061	0.552419
101.093	0.552471
101.127	0.552523
101.161	0.552575
101.194	0.552627
101.228	0.552678
101.261	0.552730
101.294	0.552781
101.328	0.552833
101.362	0.552884
101.395	0.552934
101.428	0.552985
101.462	0.553036
101.495	0.553086
101.527	0.553137
101.562	0.553187
101.595	0.553237
101.628	0.553287
101.661	0.553337
101.695	0.553386
101.728	0.553436
101.762	0.553485
101.794	0.553535
101.827	0.553584
101.861	0.553633
101.895	0.553682
101.928	0.553731
101.961	0.553779
101.994	0.553827
102.027	0.553876
102.061	0.553924
102.095	0.553972
102.128	0.554020
102.161	0.554067
102.194	0.554115
102.228	0.554162
102.261	0.554209
102.295	0.554256
102.327	0.554303
102.362	0.554350
102.394	0.554396
102.428	0.554443
102.461	0.554489
102.494	0.554536
102.527	0.554582
102.561	0.554628
102.594	0.554674
102.627	0.554721
102.660	0.554766
102.694	0.554812
102.726	0.554857
102.761	0.554903
102.794	0.554948
102.827	0.554993
102.861	0.555038
102.894	0.555083
102.928	0.555128
102.960	0.555173
102.994	0.555217
103.028	0.555262
103.061	0.555306
103.094	0.555350
103.127	0.555394
103.162	0.555438
103.195	0.555482
103.228	0.555525
103.261	0.555569
103.295	0.555612
103.327	0.555656
103.361	0.555699
103.394	0.555742
103.428	0.555785
103.461	0.555828
103.494	0.555870
103.528	0.555913
103.560	0.555955
103.594	0.555997
103.628	0.556039
103.661	0.556081
103.694	0.556123
103.728	0.556165
103.761	0.556206
103.794	0.556247
103.827	0.556288
103.861	0.556329
103.894	0.556370
103.927	0.556411
103.961	0.556451
103.994	0.556492
104.027	0.556532
104.060	0.556572
104.094	0.556613
104.127	0.556652
104.161	0.556692
104.195	0.556732
104.227	0.556772
104.261	0.556812
104.294	0.556851
104.328	0.556891
104.360	0.556930
104.394	0.556969
104.428	0.557009
104.461	0.557048
104.494	0.557087
104.528	0.557126
104.561	0.557165
104.593	0.557204
104.627	0.557243
104.661	0.557282
104.694	0.557321
104.727	0.557359
104.761	0.557398
104.794	0.557436
104.827	0.557475
104.860	0.557513
104.894	0.557552
104.928	0.557590
104.961	0.557628
104.993	0.557666
105.027	0.557704
105.061	0.557742
105.094	0.557779
105.127	0.557817
105.161	0.557854
105.194	0.557892
105.228	0.557929
105.260	0.557966
105.295	0.558003
105.327	0.558041
105.361	0.558078
105.394	0.558115
105.427	0.558152
105.460	0.558189
105.494	0.558226
105.528	0.558263
105.561	0.558299
105.594	0.558336
105.627	0.558373
105.661	0.558409
105.694	0.558445
105.727	0.558482
105.761	0.558518
105.794	0.558554
105.828	0.558590
105.860	0.558626
105.894	0.558663
105.927	0.558698
105.961	0.558734
105.993	0.558770
106.027	0.558806
106.061	0.558842
106.094	0.558877
106.127	0.558913
106.160	0.558949
106.194	0.558984
106.228	0.559019
106.260	0.559055
106.294	0.559090
106.327	0.559126
106.361	0.559161
106.394	0.559196
106.427	0.559231
106.461	0.559266
106.494	0.559302
106.527	0.559336
106.561	0.559372
106.594	0.559406
106.628	0.559441
106.661	0.559476
106.694	0.559511
106.728	0.559545
106.761	0.559580
106.794	0.559614
106.828	0.559649
106.861	0.559683
106.895	0.559718
106.928	0.559752
106.961	0.559786
106.993	0.559820
107.028	0.559854
107.061	0.559888
107.094	0.559922
107.126	0.559956
107.160	0.559990
107.195	0.560024
107.227	0.560058
107.260	0.560091
107.294	0.560125
107.327	0.560158
107.360	0.560192
107.394	0.560225
107.428	0.560258
107.461	0.560292
107.495	0.560325
107.527	0.560357
107.562	0.560391
107.594	0.560424
107.627	0.560456
107.661	0.560489
107.694	0.560522
107.728	0.560555
107.761	0.560587
107.794	0.560620
107.828	0.560653
107.860	0.560685
107.893	0.560718
107.928	0.560751
107.961	0.560783
107.994	0.560816
108.026	0.560848
108.061	0.560881
108.094	0.560913
108.127	0.560945
108.160	0.560977
108.194	0.561009
108.226	0.561042
108.260	0.561073
108.293	0.561106
108.327	0.561137
108.360	0.561169
108.394	0.561201
108.426	0.561233
108.460	0.561265
108.493	0.561296
108.527	0.561328
108.560	0.561359
108.593	0.561391
108.626	0.561423
108.660	0.561455
108.694	0.561486
108.727	0.561518
108.760	0.561549
108.793	0.561581
108.827	0.561613
108.860	0.561645
108.894	0.561676
108.927	0.561708
108.960	0.561740
108.994	0.561771
109.027	0.561803
109.061	0.561835
109.093	0.561867
109.127	0.561899
109.160	0.561931
109.195	0.561963
109.227	0.561995
109.261	0.562027
109.293	0.562058
109.326	0.562091
109.360	0.562123
109.394	0.562155
109.427	0.562187
109.460	0.562219
109.493	0.562251
109.527	0.562283
109.560	0.562314
109.593	0.562346
109.627	0.562378
109.661	0.562410
109.693	0.562442
109.726	0.562474
109.760	0.562506
109.793	0.562538
109.827	0.562569
109.860	0.562602
109.893	0.562633
109.927	0.562665
109.960	0.562697
109.993	0.562729
110.028	0.562761
110.060	0.562793
110.093	0.562824
110.128	0.562856
110.160	0.562888
110.194	0.562920
110.228	0.562951
110.260	0.562983
110.294	0.563015
110.327	0.563046
110.360	0.563078
110.393	0.563110
110.428	0.563141
110.461	0.563173
110.494	0.563205
110.527	0.563236
110.559	0.563268
110.594	0.563299
110.627	0.563331
110.660	0.563363
110.693	0.563395
110.727	0.563426
110.760	0.563458
110.793	0.563490
110.827	0.563521
110.860	0.563553
110.894	0.563585
110.927	0.563616
110.961	0.563648
110.994	0.563680
111.028	0.563712
111.060	0.563744
111.094	0.563777
111.127	0.563809
111.160	0.563842
111.194	0.563874
111.227	0.563906
111.260	0.563939
111.294	0.563972
111.327	0.564004
111.360	0.564037
111.394	0.564069
111.427	0.564102
111.461	0.564135
111.494	0.564168
111.528	0.564200
111.561	0.564233
111.594	0.564266
111.627	0.564299
111.661	0.564332
111.694	0.564365
111.727	0.564397
111.760	0.564431
111.793	0.564464
111.828	0.564497
111.861	0.564530
111.894	0.564563
111.927	0.564596
111.961	0.564628
111.994	0.564662
112.028	0.564695
112.061	0.564728
112.094	0.564761
112.128	0.564794
112.159	0.564826
112.194	0.564859
112.228	0.564893
112.260	0.564925
112.293	0.564958
112.326	0.564991
112.360	0.565024
112.394	0.565057
112.428	0.565090
112.461	0.565123
112.494	0.565155
112.528	0.565188
112.561	0.565221
112.594	0.565253
112.626	0.565285
112.660	0.565318
112.694	0.565350
112.727	0.565383
112.761	0.565415
112.794	0.565447
112.827	0.565480
112.860	0.565512
112.894	0.565545
112.927	0.565577
112.961	0.565609
112.994	0.565641
113.028	0.565674
113.060	0.565706
113.094	0.565738
113.127	0.565770
113.161	0.565802
113.195	0.565834
113.227	0.565866
113.260	0.565898
113.294	0.565929
113.328	0.565961
113.360	0.565993
113.394	0.566025
113.427	0.566056
113.461	0.566087
113.494	0.566119
113.527	0.566150
113.561	0.566181
113.594	0.566212
113.628	0.566243
113.661	0.566274
113.695	0.566305
113.727	0.566336
113.761	0.566367
113.794	0.566397
113.828	0.566428
113.861	0.566459
113.894	0.566489
113.928	0.566520
113.961	0.566550
113.993	0.566580
114.028	0.566611
114.061	0.566641
114.094	0.566671
114.127	0.566701
114.161	0.566731
114.194	0.566760
114.227	0.566790
114.261	0.566819
114.294	0.566849
114.328	0.566878
114.361	0.566907
114.395	0.566936
114.427	0.566965
114.461	0.566994
114.494	0.567023
114.528	0.567051
114.560	0.567080
114.594	0.567108
114.627	0.567136
114.661	0.567164
114.694	0.567192
114.727	0.567220
114.761	0.567248
114.794	0.567276
114.828	0.567303
114.861	0.567331
114.894	0.567358
114.927	0.567385
114.961	0.567412
114.994	0.567439
115.027	0.567466
115.060	0.567493
115.094	0.567519
115.127	0.567546
115.160	0.567572
115.194	0.567599
115.226	0.567625
115.260	0.567651
115.294	0.567677
115.327	0.567703
115.360	0.567729
115.394	0.567755
115.428	0.567781
115.460	0.567806
115.493	0.567831
115.526	0.567857
115.560	0.567882
115.593	0.567907
115.627	0.567933
115.661	0.567958
115.693	0.567983
115.727	0.568008
115.760	0.568032
115.794	0.568057
115.826	0.568082
115.860	0.568107
115.894	0.568131
115.927	0.568156
115.959	0.568180
115.994	0.568205
116.027	0.568229
116.060	0.568253
116.094	0.568277
116.127	0.568302
116.159	0.568326
116.194	0.568350
116.227	0.568374
116.261	0.568398
116.294	0.568422
116.327	0.568445
116.360	0.568469
116.393	0.568493
116.426	0.568516
116.460	0.568540
116.493	0.568564
116.528	0.568587
116.560	0.568611
116.593	0.568634
116.627	0.568657
116.660	0.568680
116.694	0.568703
116.727	0.568726
116.759	0.568749
116.794	0.568772
116.827	0.568794
116.860	0.568817
116.893	0.568840
116.927	0.568863
116.960	0.568885
116.993	0.568908
117.027	0.568930
117.060	0.568953
117.093	0.568975
117.127	0.568997
117.161	0.569020
117.193	0.569042
117.227	0.569065
117.261	0.569087
117.293	0.569110
117.326	0.569132
117.360	0.569155
117.394	0.569177
117.427	0.569200
117.459	0.569222
117.494	0.569245
117.526	0.569268
117.560	0.569290
117.594	0.569313
117.627	0.569335
117.661	0.569358
117.694	0.569381
117.727	0.569404
117.760	0.569426
117.794	0.569449
117.827	0.569472
117.860	0.569495
117.893	0.569518
117.926	0.569541
117.960	0.569563
117.994	0.569586
118.027	0.569609
118.060	0.569632
118.094	0.569655
118.127	0.569678
118.161	0.569701
118.194	0.569724
118.226	0.569747
118.260	0.569770
118.294	0.569793
118.327	0.569816
118.361	0.569838
118.393	0.569862
118.427	0.569885
118.461	0.569908
118.494	0.569931
118.526	0.569954
118.560	0.569977
118.594	0.570000
118.627	0.570023
118.660	0.570047
118.694	0.570070
118.727	0.570093
118.760	0.570116
118.793	0.570139
118.827	0.570162
118.861	0.570185
118.893	0.570208
118.927	0.570232
118.960	0.570255
118.994	0.570278
119.027	0.570301
119.060	0.570324
119.094	0.570347
119.127	0.570370
119.160	0.570394
119.192	0.570417
119.227	0.570440
119.261	0.570464
119.293	0.570487
119.327	0.570510
119.359	0.570534
119.393	0.570557
119.426	0.570581
119.459	0.570604
119.494	0.570627
119.527	0.570651
119.560	0.570674
119.592	0.570698
119.626	0.570722
119.659	0.570745
119.692	0.570769
119.727	0.570793
119.759	0.570817
119.794	0.570841
119.827	0.570865
119.859	0.570889
119.893	0.570913
119.927	0.570938
119.959	0.570962
119.993	0.570987
120.026	0.571012
120.060	0.571037
120.093	0.571062
120.126	0.571087
120.159	0.571112
120.193	0.571137
120.226	0.571162
120.259	0.571188
120.293	0.571213
120.327	0.571239
120.360	0.571264
120.393	0.571290
120.425	0.571316
120.460	0.571342
120.493	0.571367
120.526	0.571393
120.560	0.571419
120.593	0.571445
120.626	0.571471
120.660	0.571497
120.693	0.571523
120.727	0.571549
120.760	0.571575
120.793	0.571601
120.826	0.571627
120.860	0.571654
120.893	0.571680
120.927	0.571706
120.960	0.571733
120.993	0.571759
121.027	0.571785
121.059	0.571812
121.093	0.571839
121.127	0.571865
121.159	0.571892
121.194	0.571918
121.226	0.571945
121.260	0.571972
121.293	0.571998
121.326	0.572025
121.360	0.572051
121.393	0.572078
121.427	0.572104
121.461	0.572131
121.493	0.572157
121.526	0.572184
121.559	0.572210
121.593	0.572237
121.627	0.572264
121.660	0.572290
121.694	0.572317
121.728	0.572344
121.760	0.572370
121.793	0.572397
121.826	0.572424
121.860	0.572451
121.894	0.572477
121.927	0.572504
121.960	0.572531
121.993	0.572557
122.026	0.572584
122.059	0.572611
122.093	0.572637
122.127	0.572664
122.159	0.572691
122.193	0.572717
122.226	0.572744
122.259	0.572771
122.293	0.572798
122.327	0.572824
122.360	0.572851
122.393	0.572878
122.427	0.572905
122.460	0.572932
122.493	0.572958
122.527	0.572986
122.561	0.573012
122.593	0.573039
122.626	0.573067
122.660	0.573094
122.694	0.573121
122.727	0.573148
122.760	0.573175
122.794	0.573202
122.827	0.573229
122.859	0.573257
122.893	0.573284
122.927	0.573311
122.960	0.573338
122.992	0.573366
123.027	0.573393
123.060	0.573420
123.094	0.573448
123.127	0.573475
123.159	0.573502
123.193	0.573529
123.227	0.573557
123.260	0.573584
123.293	0.573612
123.327	0.573639
123.360	0.573667
123.393	0.573694
123.426	0.573722
123.460	0.573749
123.493	0.573777
123.526	0.573804
123.559	0.573832
123.593	0.573859
123.626	0.573887
123.660	0.573915
123.692	0.573943
123.726	0.573970
123.760	0.573998
123.793	0.574026
123.827	0.574054
123.860	0.574082
123.893	0.574109
123.926	0.574137
123.959	0.574165
123.993	0.574193
124.026	0.574221
124.060	0.574249
124.093	0.574277
124.126	0.574306
124.160	0.574334
124.193	0.574362
124.227	0.574390
124.260	0.574418
124.293	0.574447
124.326	0.574475
124.360	0.574503
124.392	0.574532
124.426	0.574560
124.459	0.574589
124.493	0.574617
124.526	0.574646
124.560	0.574675
124.594	0.574704
124.626	0.574732
124.660	0.574761
124.693	0.574790
124.727	0.574819
124.760	0.574848
124.793	0.574877
124.826	0.574906
124.860	0.574935
124.893	0.574964
124.927	0.574994
124.960	0.575023
124.993	0.575052
125.027	0.575082
125.061	0.575112
125.093	0.575141
125.126	0.575171
125.161	0.575201
125.194	0.575231
125.227	0.575261
125.259	0.575291
125.294	0.575321
125.327	0.575350
125.360	0.575380
125.393	0.575410
125.426	0.575440
125.459	0.575470
125.493	0.575500
125.527	0.575530
125.560	0.575560
125.593	0.575590
125.627	0.575620
125.660	0.575650
125.693	0.575680
125.727	0.575710
125.760	0.575741
125.793	0.575771
125.827	0.575801
125.859	0.575831
125.894	0.575862
125.927	0.575892
125.961	0.575923
125.994	0.575953
126.027	0.575984
126.061	0.576014
126.093	0.576045
126.126	0.576075
126.160	0.576106
126.194	0.576137
126.226	0.576168
126.260	0.576199
126.293	0.576230
126.327	0.576261
126.360	0.576292
126.394	0.576324
126.427	0.576355
126.461	0.576386
126.494	0.576417
126.528	0.576448
126.561	0.576479
126.594	0.576511
126.627	0.576542
126.660	0.576574
126.693	0.576605
126.728	0.576637
126.760	0.576668
126.793	0.576700
126.827	0.576731
126.860	0.576763
126.894	0.576794
126.927	0.576826
126.960	0.576857
126.994	0.576889
127.027	0.576921
127.060	0.576952
127.093	0.576984
127.127	0.577016
127.160	0.577047
127.193	0.577079
127.227	0.577111
127.261	0.577143
127.293	0.577175
127.326	0.577207
127.360	0.577238
127.394	0.577270
127.427	0.577303
127.460	0.577334
127.493	0.577366
127.526	0.577398
127.560	0.577431
127.593	0.577463
127.627	0.577494
127.661	0.577526
127.693	0.577558
127.727	0.577591
127.760	0.577623
127.793	0.577655
127.827	0.577687
127.861	0.577718
127.894	0.577750
127.927	0.577782
127.960	0.577814
127.994	0.577846
128.027	0.577878
128.061	0.577910
128.093	0.577942
128.127	0.577974
128.160	0.578005
128.193	0.578037
128.226	0.578069
128.260	0.578101
128.293	0.578132
128.327	0.578164
128.359	0.578196
128.394	0.578227
128.426	0.578259
128.459	0.578290
128.493	0.578322
128.527	0.578353
128.560	0.578384
128.594	0.578416
128.626	0.578447
128.660	0.578478
128.693	0.578509
128.728	0.578540
128.760	0.578572
128.793	0.578603
128.826	0.578633
128.859	0.578664
128.893	0.578695
128.927	0.578726
128.960	0.578757
128.993	0.578788
129.027	0.578818
129.060	0.578849
129.093	0.578880
129.126	0.578910
129.160	0.578941
129.193	0.578972
129.227	0.579002
129.260	0.579032
129.293	0.579063
129.327	0.579093
129.359	0.579123
129.393	0.579153
129.427	0.579183
129.460	0.579213
129.493	0.579243
129.526	0.579273
129.560	0.579303
129.593	0.579332
129.627	0.579362
129.660	0.579391
129.693	0.579421
129.726	0.579450
129.759	0.579479
129.792	0.579508
129.826	0.579537
129.859	0.579566
129.893	0.579595
129.926	0.579624
129.960	0.579653
129.994	0.579682
130.025	0.579710
130.060	0.579738
130.093	0.579767
130.125	0.579796
130.160	0.579824
130.193	0.579853
130.226	0.579881
130.260	0.579910
130.293	0.579938
130.327	0.579967
130.360	0.579995
130.393	0.580023
130.426	0.580052
130.460	0.580080
130.494	0.580108
130.525	0.580136
130.559	0.580164
130.592	0.580192
130.626	0.580221
130.660	0.580248
130.693	0.580276
130.726	0.580304
130.759	0.580332
130.794	0.580359
130.826	0.580387
130.859	0.580415
130.892	0.580442
130.926	0.580470
130.959	0.580497
130.993	0.580525
131.026	0.580553
131.060	0.580580
131.093	0.580608
131.126	0.580635
131.159	0.580663
131.192	0.580690
131.226	0.580718
131.259	0.580745
131.293	0.580773
131.327	0.580800
131.360	0.580827
131.392	0.580855
131.426	0.580882
131.459	0.580909
131.493	0.580936
131.526	0.580964
131.560	0.580991
131.593	0.581019
131.625	0.581046
131.660	0.581074
131.693	0.581101
131.726	0.581128
131.759	0.581156
131.792	0.581183
131.826	0.581211
131.859	0.581238
131.893	0.581265
131.925	0.581293
131.960	0.581320
131.993	0.581348
132.026	0.581375
132.059	0.581402
132.093	0.581429
132.126	0.581457
132.159	0.581484
132.192	0.581512
132.226	0.581539
132.260	0.581566
132.292	0.581593
132.327	0.581621
132.359	0.581648
132.392	0.581676
132.425	0.581703
132.459	0.581731
132.492	0.581758
132.525	0.581785
132.559	0.581813
132.594	0.581841
132.627	0.581868
132.658	0.581895
132.692	0.581923
132.726	0.581951
132.759	0.581978
132.793	0.582006
132.825	0.582033
132.859	0.582061
132.893	0.582089
132.926	0.582116
132.959	0.582144
132.993	0.582172
133.026	0.582199
133.059	0.582227
133.093	0.582255
133.125	0.582283
133.159	0.582311
133.193	0.582338
133.226	0.582366
133.260	0.582394
133.292	0.582422
133.326	0.582450
133.359	0.582478
133.393	0.582506
133.426	0.582534
133.460	0.582562
133.493	0.582589
133.525	0.582617
133.560	0.582645
133.593	0.582673
133.627	0.582701
133.659	0.582728
133.693	0.582756
133.727	0.582784
133.760	0.582812
133.794	0.582840
133.826	0.582868
133.860	0.582896
133.893	0.582924
133.926	0.582952
133.960	0.582980
133.993	0.583008
134.026	0.583036
134.060	0.583064
134.092	0.583092
134.126	0.583120
134.160	0.583148
134.193	0.583176
134.226	0.583204
134.259	0.583232
134.293	0.583259
134.326	0.583287
134.359	0.583315
134.393	0.583343
134.426	0.583371
134.459	0.583399
134.493	0.583427
134.526	0.583455
134.559	0.583483
134.593	0.583511
134.627	0.583539
134.660	0.583567
134.693	0.583596
134.727	0.583624
134.759	0.583652
134.793	0.583680
134.827	0.583708
134.860	0.583736
134.893	0.583765
134.925	0.583793
134.959	0.583821
134.994	0.583849
135.027	0.583877
135.060	0.583905
135.093	0.583933
135.126	0.583961
135.159	0.583989
135.192	0.584017
135.226	0.584046
135.260	0.584074
135.293	0.584102
135.326	0.584130
135.360	0.584158
135.393	0.584186
135.425	0.584214
135.459	0.584243
135.492	0.584271
135.525	0.584299
135.559	0.584327
135.593	0.584355
135.626	0.584384
135.660	0.584412
135.693	0.584440
135.726	0.584468
135.759	0.584496
135.792	0.584524
135.826	0.584553
135.859	0.584581
135.893	0.584609
135.926	0.584638
135.958	0.584666
135.993	0.584695
136.026	0.584723
136.059	0.584752
136.093	0.584780
136.125	0.584809
136.159	0.584838
136.192	0.584866
136.226	0.584895
136.259	0.584924
136.293	0.584953
136.326	0.584982
136.359	0.585011
136.393	0.585040
136.425	0.585069
136.459	0.585098
136.493	0.585128
136.526	0.585157
136.559	0.585187
136.592	0.585216
136.625	0.585246
136.658	0.585275
136.692	0.585305
136.725	0.585335
136.760	0.585365
136.793	0.585395
136.826	0.585426
136.859	0.585456
136.893	0.585486
136.926	0.585516
136.959	0.585546
136.993	0.585577
137.025	0.585607
137.059	0.585638
137.093	0.585668
137.126	0.585699
137.160	0.585730
137.192	0.585761
137.227	0.585792
137.259	0.585823
137.292	0.585854
137.326	0.585885
137.359	0.585916
137.392	0.585948
137.426	0.585979
137.458	0.586010
137.492	0.586042
137.526	0.586073
137.560	0.586105
137.593	0.586137
137.626	0.586168
137.659	0.586200
137.693	0.586232
137.725	0.586264
137.760	0.586296
137.792	0.586328
137.825	0.586361
137.860	0.586393
137.893	0.586425
137.926	0.586457
137.960	0.586490
137.992	0.586523
138.026	0.586555
138.059	0.586588
138.093	0.586621
138.126	0.586654
138.160	0.586687
138.192	0.586719
138.227	0.586753
138.260	0.586786
138.292	0.586819
138.326	0.586853
138.360	0.586886
138.392	0.586920
138.425	0.586954
138.459	0.586987
138.493	0.587021
138.526	0.587055
138.560	0.587089
138.593	0.587123
138.625	0.587157
138.659	0.587192
138.693	0.587226
138.726	0.587261
138.759	0.587295
138.792	0.587330
138.826	0.587365
138.859	0.587399
138.893	0.587434
138.927	0.587469
138.959	0.587504
138.992	0.587539
139.026	0.587574
139.059	0.587610
139.093	0.587645
139.126	0.587681
139.159	0.587717
139.193	0.587753
139.226	0.587789
139.259	0.587826
139.292	0.587862
139.325	0.587899
139.359	0.587936
139.392	0.587972
139.425	0.588009
139.459	0.588046
139.491	0.588083
139.525	0.588120
139.559	0.588157
139.591	0.588195
139.625	0.588232
139.658	0.588270
139.692	0.588308
139.726	0.588346
139.759	0.588385
139.792	0.588424
139.825	0.588463
139.859	0.588501
139.892	0.588540
139.925	0.588579
139.959	0.588619
139.992	0.588658
140.026	0.588698
140.059	0.588739
140.092	0.588779
140.126	0.588822
140.158	0.588864
140.192	0.588906
140.226	0.588949
140.259	0.588991
140.292	0.589034
140.325	0.589078
140.359	0.589121
140.392	0.589165
140.426	0.589208
140.459	0.589252
140.492	0.589295
140.526	0.589339
140.560	0.589383
140.592	0.589427
140.625	0.589472
140.659	0.589517
140.692	0.589562
140.726	0.589608
140.759	0.589654
140.792	0.589700
140.825	0.589746
140.859	0.589792
140.892	0.589839
140.926	0.589885
140.959	0.589931
140.992	0.589978
141.026	0.590024
141.059	0.590070
141.092	0.590117
141.126	0.590163
141.159	0.590210
141.192	0.590257
141.226	0.590304
141.259	0.590351
141.292	0.590398
141.326	0.590446
141.359	0.590493
141.392	0.590541
141.425	0.590588
141.459	0.590636
141.492	0.590684
141.525	0.590732
141.558	0.590780
141.592	0.590828
141.626	0.590877
141.659	0.590925
141.692	0.590974
141.726	0.591023
141.758	0.591072
141.792	0.591121
141.826	0.591171
141.858	0.591221
141.892	0.591271
141.925	0.591322
141.959	0.591372
141.992	0.591423
142.025	0.591474
142.059	0.591526
142.092	0.591577
142.125	0.591629
142.158	0.591681
142.192	0.591733
142.225	0.591785
142.259	0.591838
142.292	0.591892
142.325	0.591945
142.359	0.591999
142.392	0.592054
142.425	0.592109
142.458	0.592165
142.492	0.592221
142.525	0.592278
142.558	0.592336
142.591	0.592395
142.625	0.592454
142.658	0.592514
142.691	0.592574
142.726	0.592635
142.758	0.592695
142.792	0.592755
142.824	0.592816
142.858	0.592878
142.891	0.592940
142.925	0.593003
142.958	0.593066
142.991	0.593129
143.024	0.593194
143.058	0.593260
143.091	0.593326
143.125	0.593392
143.158	0.593461
143.192	0.593529
143.225	0.593597
143.259	0.593667
143.291	0.593737
143.325	0.593808
143.358	0.593880
143.391	0.593953
143.424	0.594027
143.458	0.594102
143.491	0.594178
143.525	0.594254
143.558	0.594330
143.591	0.594406
143.625	0.594483
143.658	0.594561
143.691	0.594639
143.725	0.594717
143.757	0.594796
143.792	0.594875
143.825	0.594955
143.858	0.595035
143.891	0.595117
143.925	0.595198
143.959	0.595281
143.990	0.595364
144.025	0.595447
144.058	0.595531
144.091	0.595616
144.124	0.595702
144.157	0.595789
144.191	0.595878
144.224	0.595968
144.257	0.596059
144.291	0.596151
144.324	0.596242
144.357	0.596334
144.391	0.596426
144.423	0.596518
144.457	0.596612
144.491	0.596708
144.524	0.596806
144.558	0.596905
144.591	0.597005
144.624	0.597105
144.658	0.597205
144.691	0.597306
144.724	0.597407
144.757	0.597510
144.791	0.597614
144.824	0.597720
144.857	0.597827
144.891	0.597935
144.923	0.598045
144.957	0.598156
144.991	0.598269
145.023	0.598383
145.057	0.598498
145.092	0.598614
145.124	0.598730
145.157	0.598846
145.190	0.598963
145.223	0.599081
145.257	0.599199
145.290	0.599319
145.323	0.599440
145.356	0.599563
145.390	0.599686
145.423	0.599811
145.456	0.599936
145.490	0.600062
145.523	0.600188
145.556	0.600314
145.590	0.600441
145.623	0.600568
145.657	0.600697
145.690	0.600827
145.723	0.600959
145.756	0.601093
145.790	0.601228
145.823	0.601364
145.856	0.601503
145.890	0.601645
145.923	0.601786
145.957	0.601926
145.989	0.602066
146.023	0.602209
146.057	0.602355
146.089	0.602499
146.123	0.602646
146.155	0.602795
146.190	0.602941
146.222	0.603087
146.256	0.603234
146.289	0.603381
146.322	0.603529
146.355	0.603678
146.388	0.603827
146.422	0.603977
146.456	0.604128
146.489	0.604283
146.522	0.604442
146.555	0.604606
146.588	0.604767
146.622	0.604939
146.655	0.605126
146.689	0.605325
146.723	0.605523
146.756	0.605729
146.789	0.605942
146.822	0.606177
146.856	0.606412
146.889	0.606658
146.922	0.606907
146.956	0.607153
146.988	0.607413
147.022	0.607681
147.055	0.607942
147.088	0.608199
147.121	0.608471
147.155	0.608735
147.188	0.608980
147.221	0.609214
147.255	0.609440
147.288	0.609657
147.321	0.609880
147.354	0.610108
147.387	0.610326
147.422	0.610543
147.455	0.610765
147.487	0.611001
147.521	0.611267
147.554	0.611546
147.588	0.611855
147.620	0.612189
147.654	0.612540
147.687	0.612910
147.722	0.613310
147.754	0.613682
147.787	0.614040
147.821	0.614383
147.854	0.614735
147.887	0.615107
147.921	0.615484
147.954	0.615854
147.988	0.616228
148.020	0.616606
148.053	0.616981
148.087	0.617352
148.120	0.617711
148.154	0.618054
148.186	0.618393
148.220	0.618731
148.253	0.619064
148.286	0.619394
148.320	0.619733
148.352	0.620087
148.386	0.620456
148.419	0.620833
148.453	0.621254
148.486	0.621710
148.519	0.622127
148.553	0.622518
148.585	0.622917
148.619	0.623368
148.653	0.623790
148.686	0.624236
148.719	0.624720
148.752	0.625176
148.786	0.625649
148.819	0.626134
148.853	0.626615
148.886	0.627080
148.919	0.627541
148.951	0.627995
148.985	0.628436
149.019	0.628900
149.052	0.629379
149.085	0.629850
149.118	0.630283
149.151	0.630701
149.185	0.631128
149.218	0.631540
149.251	0.631999
149.285	0.632463
149.318	0.632908
149.351	0.633362
149.384	0.633795
149.418	0.634232
149.450	0.634690
149.485	0.635150
149.518	0.635586
149.550	0.636000
149.585	0.636456
149.617	0.636910
149.650	0.637369
149.684	0.637875
149.716	0.638343
149.751	0.638804
149.784	0.639267
149.817	0.639693
149.850	0.640104
149.884	0.640522
149.917	0.640968
149.950	0.641400
149.983	0.641842
150.016	0.642245
150.049	0.642631
150.082	0.643031
150.116	0.643442
150.149	0.643844
150.181	0.644233
150.215	0.644627
150.249	0.645023
150.283	0.645438
150.316	0.645855
150.349	0.646298
150.382	0.646717
150.416	0.647115
150.449	0.647519
150.482	0.647978
150.515	0.648454
150.548	0.648954
150.581	0.649434
150.615	0.649895
150.648	0.650354
150.681	0.650812
150.715	0.651279
150.748	0.651705
150.781	0.652128
150.814	0.652516
150.848	0.652899
150.881	0.653297
150.914	0.653697
150.947	0.654135
150.981	0.654595
151.014	0.655084
151.047	0.655565
151.081	0.655996
151.114	0.656418
151.148	0.656827
151.181	0.657201
151.214	0.657604
151.247	0.658008
151.280	0.658395
151.313	0.658779
151.346	0.659156
151.379	0.659546
151.413	0.659958
151.447	0.660398
151.479	0.660840
151.513	0.661253
151.547	0.661654
151.579	0.662015
151.612	0.662368
151.645	0.662735
151.679	0.663148
151.712	0.663604
151.746	0.664076
151.779	0.664522
151.812	0.664936
151.845	0.665336
151.879	0.665732
151.912	0.666175
151.946	0.666624
151.978	0.667067
152.012	0.667468
152.045	0.667912
152.078	0.668374
152.112	0.668822
152.144	0.669239
152.178	0.669668
152.212	0.670082
152.245	0.670454
152.278	0.670821
152.311	0.671164
152.344	0.671514
152.377	0.671892
152.411	0.672277
152.444	0.672638
152.477	0.673022
152.510	0.673413
152.543	0.673811
152.577	0.674216
152.610	0.674619
152.643	0.675008
152.676	0.675444
152.709	0.675869
152.743	0.676344
152.776	0.676796
152.809	0.677250
152.843	0.677730
152.876	0.678178
152.909	0.678626
152.943	0.679137
152.975	0.679651
153.008	0.680133
153.043	0.680587
153.076	0.681025
153.108	0.681493
153.142	0.681928
153.175	0.682389
153.209	0.682897
153.242	0.683366
153.275	0.683790
153.308	0.684228
153.341	0.684713
153.375	0.685181
153.407	0.685636
153.441	0.686117
153.475	0.686649
153.507	0.687210
153.541	0.687760
153.574	0.688332
153.607	0.688874
153.641	0.689426
153.674	0.689959
153.707	0.690467
153.740	0.690961
153.773	0.691421
153.807	0.691926
153.840	0.692470
153.874	0.693093
153.906	0.693739
153.939	0.694312
153.974	0.694901
154.006	0.695479
154.039	0.695992
154.072	0.696554
154.106	0.697150
154.140	0.697696
154.172	0.698219
154.206	0.698734
154.238	0.699306
154.272	0.699966
154.306	0.700651
154.338	0.701327
154.371	0.702036
154.404	0.702718
154.438	0.703319
154.471	0.703942
154.504	0.704615
154.537	0.705348
154.571	0.706035
154.604	0.706706
154.637	0.707366
154.671	0.708056
154.704	0.708795
154.737	0.709544
154.770	0.710246
154.804	0.710972
154.836	0.711694
154.870	0.712434
154.903	0.713242
154.936	0.713990
154.970	0.714641
155.003	0.715353
155.036	0.716079
155.069	0.716759
155.102	0.717527
155.135	0.718286
155.168	0.719109
155.201	0.719816
155.235	0.720689
155.268	0.721541
155.301	0.722382
155.334	0.723219
155.367	0.724069
155.401	0.724917
155.434	0.725732
155.467	0.726677
155.500	0.727629
155.533	0.728660
155.567	0.729751
155.600	0.730698
155.634	0.731739
155.667	0.732652
155.700	0.733559
155.732	0.734497
155.765	0.735509
155.799	0.736551
155.832	0.737554
155.865	0.738438
155.898	0.739489
155.931	0.740422
155.964	0.741524
155.998	0.742615
156.031	0.743702
156.064	0.744787
156.096	0.745795
156.130	0.746927
156.163	0.748082
156.197	0.749138
156.230	0.750164
156.263	0.751115
156.296	0.752285
156.331	0.753426
156.362	0.754521
156.395	0.755565
156.429	0.756647
156.461	0.757702
156.494	0.758836
156.528	0.760008
156.562	0.761183
156.594	0.762403
156.627	0.763487
156.661	0.764688
156.694	0.765807
156.726	0.766849
156.759	0.768014
156.793	0.769262
156.827	0.770564
156.860	0.771691
156.893	0.772934
156.925	0.774049
156.959	0.775201
156.992	0.776454
157.025	0.777700
157.058	0.779127
157.091	0.780407
157.124	0.781779
157.157	0.783148
157.190	0.784654
157.224	0.786051
157.256	0.787456
157.290	0.788923
157.323	0.790324
157.357	0.791699
157.389	0.793345
157.422	0.794956
157.455	0.796359
157.488	0.797802
157.521	0.799357
157.553	0.800808
157.587	0.802360
157.620	0.804084
157.653	0.805961
157.686	0.807865
157.719	0.809603
157.752	0.811235
157.785	0.812810
157.818	0.814747
157.851	0.816542
157.882	0.818375
157.916	0.820301
157.950	0.822172
157.982	0.824282
158.015	0.826003
158.049	0.828232
158.081	0.830277
158.114	0.832289
158.148	0.834398
158.180	0.836618
158.212	0.838728
158.246	0.840908
158.279	0.843381
158.311	0.845838
158.346	0.848222
158.379	0.850315
158.410	0.852580
158.444	0.855052
158.477	0.857824
158.509	0.860367
158.542	0.862925
158.575	0.865489
158.608	0.868053
158.641	0.870859
158.674	0.873635
158.706	0.876425
158.739	0.879155
158.772	0.881985
158.804	0.885090
158.838	0.888151
158.871	0.891342
158.904	0.894192
158.936	0.897298
158.969	0.900721
159.000	0.903790
159.033	0.907554
159.067	0.911208
159.100	0.914418
159.132	0.917945
159.165	0.921755
159.198	0.925175
159.230	0.929142
159.263	0.932967
159.296	0.936916
159.327	0.941060
159.360	0.945195
159.393	0.949245
159.425	0.953693
159.458	0.957793
159.490	0.962568
159.523	0.967237
159.555	0.971680
159.588	0.976476
159.620	0.981369
159.653	0.986255
159.685	0.991396
159.716	0.996557
159.749	1.001904
159.782	1.006907
159.814	1.012599
159.847	1.018111
159.879	1.023428
159.911	1.029051
159.944	1.035033
159.975	1.041137
160.007	1.047269
160.039	1.053657
160.072	1.059499
160.103	1.065890
160.136	1.072264
160.167	1.079154
160.200	1.085749
160.231	1.092427
160.264	1.099563
160.296	1.106305
160.329	1.113295
160.360	1.120623
160.392	1.128024
160.424	1.135472
160.456	1.142963
160.487	1.150530
160.519	1.158445
160.552	1.166233
160.583	1.174136
160.615	1.181837
160.647	1.190056
160.679	1.198077
160.711	1.206493
160.742	1.214334
160.775	1.222908
160.807	1.231033
160.838	1.239332
160.870	1.247861
160.902	1.256438
160.933	1.264988
160.965	1.273064
160.996	1.281814
161.028	1.290357
161.060	1.299031
161.091	1.307577
161.123	1.316007
161.155	1.324666
161.187	1.333546
161.219	1.341971
161.250	1.350727
161.282	1.359361
161.314	1.367966
161.346	1.376616
161.377	1.385129
161.409	1.393678
161.441	1.402076
161.473	1.410244
161.505	1.418638
161.537	1.427152
161.569	1.435490
161.599	1.443608
161.631	1.451456
161.663	1.459441
161.696	1.467678
161.726	1.475550
161.757	1.482841
161.790	1.490401
161.822	1.498110
161.855	1.505320
161.886	1.512641
161.918	1.520005
161.950	1.526861
161.982	1.533723
162.015	1.540539
162.047	1.547047
162.079	1.553330
162.111	1.559757
162.143	1.565622
162.175	1.571596
162.208	1.577262
162.239	1.583046
162.272	1.588553
162.305	1.593730
162.337	1.598692
162.369	1.603509
162.402	1.608456
162.435	1.612897
162.466	1.617369
162.500	1.621645
162.532	1.625572
162.564	1.629424
162.597	1.633247
162.630	1.636415
162.663	1.639929
162.696	1.643036
162.729	1.645822
162.761	1.648892
162.794	1.651641
162.827	1.654043
162.860	1.656431
162.893	1.658604
162.926	1.660637
162.959	1.662301
162.992	1.664057
163.025	1.665536
163.057	1.666681
163.091	1.668409
163.125	1.669541
163.157	1.670563
163.191	1.671280
163.223	1.672014
163.258	1.672678
163.291	1.673167
163.323	1.673349
163.357	1.673660
163.390	1.674035
163.424	1.674397
163.457	1.674647
163.490	1.674711
163.524	1.674793
163.557	1.674809
163.591	1.674803
163.624	1.674792
163.657	1.674792
163.691	1.674765
163.724	1.674507
163.758	1.674032
163.790	1.673974
163.824	1.673972
163.857	1.673795
163.891	1.673648
163.924	1.673554
163.958	1.673595
163.991	1.673470
164.024	1.673423
164.058	1.673454
164.091	1.673463
164.125	1.673490
164.158	1.673522
164.191	1.673526
164.225	1.673531
164.258	1.673535
164.291	1.673541
164.325	1.673549
164.358	1.673559
164.390	1.673572
164.425	1.673591
164.458	1.673617
164.491	1.673678
164.523	1.673831
164.558	1.674129
164.591	1.674634
164.624	1.675453
164.656	1.676465
164.690	1.677690
164.722	1.679251
164.756	1.680994
164.789	1.682922
164.823	1.684804
164.855	1.686593
164.888	1.688445
164.922	1.690285
164.954	1.692482
164.988	1.694365
165.022	1.696446
165.053	1.698763
165.087	1.700979
165.120	1.702939
165.152	1.705259
165.186	1.707483
165.218	1.709572
165.251	1.711957
165.285	1.714332
165.316	1.716472
165.350	1.719161
165.383	1.721714
165.415	1.724346
165.448	1.727103
165.482	1.729677
165.514	1.732275
165.548	1.735338
165.581	1.738027
165.613	1.740823
165.646	1.744007
165.679	1.746909
165.712	1.750028
165.745	1.753012
165.778	1.756470
165.810	1.759540
165.843	1.762759
165.875	1.765891
165.908	1.769311
165.941	1.773017
165.973	1.776656
166.006	1.780167
166.039	1.784015
166.072	1.787506
166.104	1.791468
166.137	1.795191
166.169	1.799303
166.201	1.803257
166.235	1.807467
166.267	1.811422
166.300	1.815927
166.332	1.819957
166.365	1.824259
166.397	1.828586
166.429	1.833137
166.462	1.837892
166.494	1.842118
166.527	1.846867
166.560	1.851417
166.591	1.856035
166.625	1.860597
166.657	1.865105
166.690	1.869964
166.722	1.874330
166.755	1.878894
166.787	1.883044
166.820	1.887736
166.852	1.892174
166.884	1.896382
166.918	1.900695
166.950	1.904877
166.982	1.908810
167.015	1.912519
167.048	1.916269
167.081	1.919946
167.114	1.923129
167.147	1.926209
167.179	1.928805
167.212	1.931412
167.245	1.933649
167.279	1.935553
167.311	1.937115
167.344	1.938253
167.377	1.939181
167.411	1.939030
167.444	1.938795
167.478	1.938249
167.512	1.937286
167.543	1.935433
167.577	1.932504
167.613	1.929600
167.646	1.926798
167.680	1.923025
167.715	1.917415
167.750	1.910325
167.784	1.902492
167.819	1.893676
167.854	1.884682
167.889	1.874776
167.925	1.863894
167.960	1.852031
167.996	1.838925
168.032	1.824773
168.067	1.809668
168.104	1.793728
168.141	1.776702
168.178	1.758718
168.215	1.739986
168.252	1.719721
168.288	1.699109
168.326	1.677363
168.363	1.655107
168.401	1.632138
168.439	1.608193
168.478	1.584343
168.516	1.559686
168.554	1.534507
168.592	1.509078
168.628	1.483973
168.667	1.458508
168.705	1.433101
168.744	1.407816
168.781	1.382413
168.819	1.357684
168.857	1.333362
168.894	1.309283
168.933	1.286003
168.970	1.263142
169.008	1.240806
169.044	1.219247
169.083	1.198312
169.119	1.177998
169.156	1.158655
169.194	1.139632
169.230	1.121765
169.267	1.103859
169.303	1.086828
169.340	1.070658
169.377	1.054762
169.412	1.039509
169.448	1.024994
169.483	1.011051
169.520	0.997603
169.555	0.984426
169.591	0.971743
169.627	0.959597
169.662	0.948123
169.697	0.936893
169.733	0.926122
169.768	0.915819
169.804	0.905733
169.838	0.896246
169.874	0.886874
169.909	0.878144
169.944	0.869432
169.979	0.861395
170.013	0.853435
170.048	0.845876
170.082	0.838315
170.117	0.831388
170.152	0.824889
170.187	0.818268
170.221	0.811801
170.256	0.805591
170.289	0.799891
170.324	0.794336
170.359	0.788752
170.393	0.783608
170.427	0.778715
170.461	0.773769
170.495	0.769395
170.530	0.764908
170.563	0.760601
170.598	0.756362
170.632	0.752225
170.667	0.748532
170.701	0.745064
170.734	0.741694
170.769	0.738139
170.802	0.734945
170.836	0.731667
170.870	0.728740
170.904	0.725666
170.937	0.722958
170.971	0.720112
171.006	0.717491
171.038	0.715201
171.073	0.712828
171.106	0.710155
171.141	0.708426
171.174	0.706145
171.208	0.704059
171.242	0.702228
171.275	0.700217
171.308	0.698348
171.342	0.696829
171.376	0.695177
171.410	0.693318
171.444	0.691835
171.477	0.690612
171.510	0.688608
171.544	0.687499
171.577	0.686272
171.611	0.685102
171.645	0.684071
171.679	0.682757
171.711	0.681756
171.745	0.680677
171.779	0.679733
171.813	0.678944
171.846	0.677899
171.880	0.677061
171.913	0.676187
171.946	0.675417
171.980	0.674670
172.013	0.673889
172.047	0.673178
172.080	0.672452
172.114	0.671753
172.147	0.671159
172.181	0.670554
172.215	0.669924
172.247	0.669397
172.281	0.668874
172.315	0.668345
172.348	0.667841
172.381	0.667345
172.415	0.666902
172.448	0.666482
172.482	0.666146
172.516	0.665789
172.549	0.665452
172.582	0.665166
172.616	0.664853
172.649	0.664541
172.683	0.664255
172.715	0.663984
172.749	0.663735
172.783	0.663544
172.816	0.663346
172.850	0.663139
172.882	0.662948
172.916	0.662760
172.949	0.662569
172.982	0.662388
173.016	0.662215
173.049	0.662053
173.082	0.661919
173.116	0.661816
173.149	0.661734
173.184	0.661659
173.217	0.661585
173.250	0.661508
173.284	0.661435
173.316	0.661370
173.350	0.661313
173.383	0.661262
173.417	0.661212
173.450	0.661162
173.484	0.661110
173.517	0.661058
173.550	0.661004
173.584	0.660950
173.618	0.660895
173.650	0.660840
173.684	0.660785
173.718	0.660729
173.751	0.660672
173.784	0.660616
173.817	0.660560
173.851	0.660504
173.885	0.660448
173.918	0.660392
173.950	0.660336
173.985	0.660282
174.018	0.660227
174.050	0.660172
174.084	0.660117
174.118	0.660063
174.151	0.660009
174.184	0.659956
174.218	0.659903
174.251	0.659850
174.284	0.659798
174.318	0.659746
174.351	0.659695
174.385	0.659644
174.417	0.659594
174.451	0.659545
174.485	0.659496
174.518	0.659449
174.552	0.659401
174.585	0.659353
174.618	0.659307
174.652	0.659261
174.686	0.659215
174.718	0.659171
174.751	0.659127
174.784	0.659083
174.817	0.659041
174.851	0.658999
174.884	0.658958
174.918	0.658917
174.952	0.658878
174.984	0.658838
175.018	0.658800
175.051	0.658762
175.085	0.658724
175.118	0.658687
175.150	0.658651
175.184	0.658615
175.219	0.658579
175.251	0.658545
175.285	0.658510
175.318	0.658477
175.351	0.658444
175.385	0.658411
175.418	0.658379
175.452	0.658348
175.485	0.658317
175.517	0.658286
175.552	0.658257
175.585	0.658227
175.618	0.658199
175.651	0.658171
175.685	0.658143
175.718	0.658116
175.752	0.658089
175.785	0.658064
175.818	0.658038
175.852	0.658013
175.884	0.657988
175.919	0.657965
175.951	0.657941
175.984	0.657918
176.018	0.657895
176.052	0.657873
176.085	0.657851
176.119	0.657830
176.152	0.657809
176.185	0.657788
176.218	0.657768
176.251	0.657749
176.285	0.657729
176.317	0.657711
176.351	0.657692
176.386	0.657674
176.417	0.657657
176.451	0.657640
176.485	0.657623
176.518	0.657607
176.552	0.657591
176.585	0.657576
176.618	0.657561
176.651	0.657546
176.684	0.657531
176.717	0.657517
176.751	0.657503
176.784	0.657490
176.818	0.657477
176.851	0.657464
176.885	0.657452
176.919	0.657440
176.951	0.657428
176.984	0.657417
177.018	0.657406
177.051	0.657395
177.085	0.657385
177.118	0.657375
177.151	0.657365
177.184	0.657356
177.218	0.657347
177.251	0.657338
177.284	0.657330
177.318	0.657322
177.351	0.657314
177.385	0.657306
177.417	0.657299
177.452	0.657292
177.485	0.657285
177.518	0.657278
177.552	0.657272
177.584	0.657266
177.618	0.657261
177.651	0.657255
177.683	0.657250
177.718	0.657245
177.751	0.657240
177.784	0.657235
177.818	0.657231
177.851	0.657227
177.885	0.657223
177.917	0.657219
177.951	0.657215
177.984	0.657212
178.018	0.657208
178.051	0.657205
178.084	0.657202
178.118	0.657199
178.151	0.657196
178.185	0.657194
178.218	0.657192
178.251	0.657189
178.285	0.657187
178.319	0.657185
178.351	0.657183
178.385	0.657182
178.418	0.657180
178.452	0.657179
178.485	0.657177
178.519	0.657176
178.553	0.657175
178.585	0.657174
178.619	0.657174
178.652	0.657173
178.685	0.657173
178.718	0.657172
178.752	0.657172
178.786	0.657172
178.819	0.657172
178.852	0.657172
178.885	0.657172
178.919	0.657172
178.952	0.657173
178.985	0.657173
179.019	0.657173
179.051	0.657174
179.085	0.657175
179.118	0.657176
179.152	0.657176
179.185	0.657177
179.219	0.657178
179.252	0.657178
179.285	0.657179
179.318	0.657180
179.351	0.657181
179.386	0.657182
179.418	0.657183
179.452	0.657184
179.485	0.657186
179.518	0.657187
179.552	0.657188
179.585	0.657190
179.618	0.657192
179.652	0.657194
179.685	0.657196
179.718	0.657198
179.751	0.657201
179.785	0.657203
179.819	0.657205
179.852	0.657208
179.885	0.657211
179.918	0.657214
179.951	0.657216
179.986	0.657219
180.018	0.657223
180.052	0.657226
180.085	0.657230
180.119	0.657234
180.152	0.657238
180.185	0.657242
180.219	0.657246
180.251	0.657250
180.285	0.657255
180.320	0.657260
180.352	0.657265
180.385	0.657270
180.419	0.657275
180.452	0.657281
180.485	0.657287
180.519	0.657293
180.552	0.657299
180.585	0.657305
180.619	0.657312
180.652	0.657318
180.685	0.657326
180.719	0.657333
180.752	0.657340
180.786	0.657348
180.818	0.657356
180.852	0.657364
180.885	0.657373
180.919	0.657382
180.952	0.657391
180.985	0.657400
181.018	0.657409
181.052	0.657419
181.085	0.657429
181.118	0.657439
181.152	0.657449
181.186	0.657460
181.219	0.657470
181.252	0.657482
181.286	0.657493
181.319	0.657504
181.352	0.657516
181.386	0.657528
181.419	0.657540
181.452	0.657553
181.486	0.657566
181.519	0.657579
181.553	0.657592
181.586	0.657606
181.619	0.657619
181.652	0.657634
181.686	0.657648
181.719	0.657663
181.753	0.657677
181.785	0.657692
181.819	0.657708
181.852	0.657723
181.887	0.657739
181.919	0.657755
181.952	0.657771
181.986	0.657788
182.020	0.657805
182.053	0.657822
182.086	0.657838
182.119	0.657856
182.152	0.657874
182.185	0.657891
182.219	0.657909
182.252	0.657928
182.287	0.657946
182.319	0.657965
182.353	0.657984
182.386	0.658003
182.420	0.658023
182.453	0.658043
182.486	0.658063
182.519	0.658083
182.553	0.658103
182.586	0.658124
182.620	0.658144
182.653	0.658166
182.686	0.658187
182.719	0.658209
182.753	0.658231
182.786	0.658253
182.820	0.658275
182.853	0.658298
182.886	0.658321
182.920	0.658344
182.953	0.658367
182.986	0.658391
183.019	0.658415
183.053	0.658439
183.087	0.658464
183.120	0.658488
183.153	0.658513
183.186	0.658538
183.220	0.658564
183.253	0.658589
183.287	0.658615
183.321	0.658641
183.353	0.658667
183.386	0.658694
183.419	0.658720
183.453	0.658747
183.486	0.658774
183.519	0.658801
183.552	0.658829
183.586	0.658857
183.619	0.658885
183.653	0.658913
183.686	0.658942
183.720	0.658970
183.752	0.658999
183.787	0.659028
183.820	0.659058
183.852	0.659087
183.886	0.659117
183.919	0.659147
183.952	0.659177
183.986	0.659208
184.019	0.659238
184.052	0.659269
184.086	0.659301
184.120	0.659332
184.153	0.659364
184.186	0.659396
184.219	0.659428
184.252	0.659461
184.286	0.659493
184.319	0.659526
184.352	0.659559
184.385	0.659593
184.420	0.659626
184.453	0.659661
184.486	0.659695
184.520	0.659729
184.553	0.659764
184.586	0.659798
184.619	0.659833
184.653	0.659869
184.686	0.659904
184.720	0.659940
184.754	0.659976
184.786	0.660012
184.820	0.660048
184.854	0.660085
184.887	0.660122
184.920	0.660159
184.953	0.660197
184.987	0.660235
185.020	0.660273
185.053	0.660311
185.086	0.660349
185.120	0.660387
185.152	0.660425
185.186	0.660464
185.220	0.660503
185.253	0.660541
185.287	0.660581
185.320	0.660619
185.353	0.660658
185.387	0.660698
185.420	0.660737
185.453	0.660777
185.487	0.660817
185.520	0.660857
185.553	0.660897
185.587	0.660937
185.620	0.660977
185.653	0.661018
185.686	0.661058
185.720	0.661099
185.755	0.661140
185.786	0.661181
185.820	0.661222
185.852	0.661263
185.887	0.661304
185.920	0.661346
185.954	0.661387
185.986	0.661429
186.021	0.661471
186.053	0.661512
186.087	0.661554
186.120	0.661596
186.153	0.661638
186.187	0.661681
186.220	0.661724
186.253	0.661766
186.287	0.661809
186.320	0.661851
186.354	0.661894
186.387	0.661937
186.420	0.661980
186.453	0.662023
186.487	0.662066
186.521	0.662109
186.553	0.662153
186.587	0.662196
186.622	0.662239
186.654	0.662283
186.686	0.662326
186.721	0.662369
186.754	0.662413
186.787	0.662457
186.820	0.662501
186.854	0.662545
186.887	0.662588
186.920	0.662632
186.954	0.662676
186.987	0.662720
187.020	0.662764
187.054	0.662808
187.088	0.662852
187.120	0.662896
187.154	0.662940
187.187	0.662984
187.221	0.663028
187.253	0.663072
187.286	0.663115
187.321	0.663159
187.354	0.663204
187.387	0.663247
187.421	0.663292
187.454	0.663335
187.488	0.663379
187.521	0.663424
187.555	0.663467
187.587	0.663512
187.620	0.663555
187.654	0.663599
187.688	0.663644
187.721	0.663688
187.754	0.663732
187.788	0.663776
187.821	0.663820
187.855	0.663864
187.887	0.663908
187.921	0.663952
187.955	0.663996
