-6.559	-0.541880
-6.557	-0.531348
-6.554	-0.520733
-6.551	-0.510641
-6.547	-0.500508
-6.541	-0.490225
-6.535	-0.479874
-6.527	-0.469674
-6.520	-0.459801
-6.511	-0.450189
-6.502	-0.440166
-6.491	-0.430467
-6.482	-0.420581
-6.470	-0.411001
-6.457	-0.401816
-6.445	-0.392752
-6.432	-0.383605
-6.418	-0.374614
-6.404	-0.365409
-6.390	-0.356998
-6.374	-0.348354
-6.359	-0.339708
-6.343	-0.331265
-6.326	-0.322866
-6.308	-0.314740
-6.291	-0.306697
-6.272	-0.298368
-6.255	-0.290411
-6.236	-0.282753
-6.216	-0.274777
-6.198	-0.267112
-6.177	-0.259533
-6.156	-0.252163
-6.136	-0.244457
-6.116	-0.237222
-6.093	-0.230150
-6.073	-0.223028
-6.049	-0.215948
-6.028	-0.209113
-6.004	-0.202190
-5.982	-0.195830
-5.960	-0.188824
-5.936	-0.182194
-5.913	-0.175903
-5.888	-0.169719
-5.865	-0.163164
-5.840	-0.156975
-5.816	-0.151062
-5.790	-0.144655
-5.766	-0.138946
-5.740	-0.133173
-5.715	-0.127271
-5.690	-0.121771
-5.664	-0.116132
-5.638	-0.110487
-5.612	-0.105192
-5.587	-0.099807
-5.561	-0.094665
-5.535	-0.089240
-5.507	-0.084057
-5.481	-0.078981
-5.453	-0.074295
-5.426	-0.069374
-5.399	-0.064451
-5.371	-0.059577
-5.344	-0.055001
-5.317	-0.050406
-5.290	-0.045478
-5.262	-0.040850
-5.234	-0.036615
-5.206	-0.032399
-5.178	-0.028058
-5.150	-0.023531
-5.121	-0.019356
-5.093	-0.015378
-5.065	-0.011225
-5.036	-0.006993
-5.008	-0.003187
-4.979	0.000630
-4.949	0.004510
-4.921	0.008567
-4.891	0.012436
-4.864	0.016331
-4.834	0.019805
-4.805	0.023496
-4.775	0.027089
-4.746	0.030644
-4.718	0.034117
-4.687	0.037557
-4.658	0.041060
-4.627	0.044465
-4.598	0.047592
-4.569	0.050863
-4.540	0.054300
-4.509	0.057260
-4.480	0.060618
-4.450	0.063753
-4.419	0.066716
-4.391	0.069825
-4.360	0.072900
-4.329	0.075890
-4.299	0.078637
-4.269	0.081968
-4.239	0.084647
-4.209	0.087754
-4.178	0.090536
-4.147	0.093186
-4.118	0.095960
-4.088	0.098674
-4.058	0.101108
-4.027	0.103923
-3.997	0.106692
-3.965	0.109131
-3.935	0.111619
-3.904	0.114224
-3.874	0.116704
-3.843	0.119156
-3.812	0.121726
-3.782	0.123950
-3.752	0.126339
-3.720	0.129146
-3.690	0.131140
-3.658	0.133438
-3.628	0.135898
-3.596	0.138345
-3.567	0.140514
-3.535	0.142732
-3.504	0.145029
-3.472	0.147345
-3.441	0.149568
-3.410	0.151530
-3.379	0.153764
-3.349	0.156012
-3.317	0.158047
-3.286	0.160148
-3.254	0.162122
-3.224	0.164268
-3.191	0.166291
-3.161	0.168145
-3.130	0.170205
-3.098	0.172204
-3.068	0.174156
-3.036	0.176057
-3.005	0.177948
-2.973	0.179768
-2.941	0.181691
-2.911	0.183648
-2.879	0.185594
-2.848	0.187261
-2.817	0.189106
-2.784	0.190663
-2.753	0.192600
-2.722	0.194413
-2.693	0.196327
-2.659	0.198064
-2.628	0.199576
-2.596	0.201196
-2.565	0.202775
-2.532	0.204331
-2.501	0.206302
-2.469	0.208093
-2.438	0.209693
-2.406	0.211242
-2.374	0.212888
-2.343	0.214298
-2.312	0.216039
-2.280	0.217841
-2.248	0.219369
-2.216	0.220943
-2.183	0.222465
-2.151	0.223783
-2.120	0.225292
-2.090	0.226923
-2.058	0.228395
-2.024	0.230069
-1.993	0.231434
-1.960	0.232960
-1.930	0.234404
-1.898	0.235744
-1.866	0.237349
-1.834	0.238673
-1.802	0.239941
-1.770	0.241357
-1.739	0.242717
-1.705	0.244004
-1.674	0.245441
-1.642	0.246724
-1.611	0.248272
-1.578	0.249601
-1.548	0.250918
-1.515	0.252156
-1.483	0.253572
-1.449	0.254894
-1.417	0.256063
-1.385	0.257347
-1.354	0.258629
-1.322	0.259882
-1.289	0.261135
-1.257	0.262450
-1.227	0.263736
-1.193	0.264923
-1.162	0.266231
-1.130	0.267558
-1.098	0.268666
-1.066	0.270129
-1.033	0.271298
-1.002	0.272366
-0.968	0.273467
-0.937	0.274570
-0.904	0.275704
-0.872	0.276870
-0.841	0.278122
-0.808	0.279230
-0.776	0.280321
-0.744	0.281575
-0.711	0.282660
-0.679	0.283732
-0.647	0.284897
-0.615	0.285945
-0.582	0.287029
-0.550	0.288290
-0.518	0.289415
-0.486	0.290483
-0.454	0.291384
-0.421	0.292352
-0.389	0.293558
-0.357	0.294691
-0.325	0.295691
-0.292	0.296719
-0.260	0.297721
-0.229	0.298735
-0.196	0.299647
-0.163	0.300580
-0.130	0.301642
-0.097	0.302646
-0.065	0.303594
-0.033	0.304632
-0.001	0.305575
0.032	0.306491
0.064	0.307527
0.096	0.308535
0.129	0.309506
0.161	0.310483
0.195	0.311373
0.226	0.312178
0.258	0.313018
0.291	0.313939
0.323	0.314870
0.356	0.315871
0.389	0.316737
0.420	0.317593
0.454	0.318532
0.486	0.319424
0.519	0.320309
0.550	0.321142
0.583	0.322071
0.615	0.322933
0.648	0.323779
0.680	0.324641
0.714	0.325459
0.746	0.326236
0.778	0.327082
0.811	0.327911
0.842	0.328800
0.876	0.329626
0.907	0.330489
0.940	0.331303
0.973	0.332101
1.006	0.332789
1.038	0.333567
1.071	0.334402
1.104	0.335219
1.137	0.336050
1.169	0.336810
1.202	0.337458
1.234	0.338223
1.267	0.338898
1.300	0.339618
1.332	0.340328
1.364	0.341126
1.397	0.341870
1.430	0.342633
1.463	0.343345
1.495	0.344075
1.528	0.344785
1.561	0.345467
1.593	0.346158
1.625	0.346867
1.658	0.347526
1.692	0.348262
1.724	0.348965
1.756	0.349612
1.790	0.350307
1.821	0.350986
1.854	0.351699
1.888	0.352368
1.919	0.353039
1.952	0.353711
1.986	0.354473
2.018	0.355093
2.050	0.355696
2.083	0.356343
2.116	0.356886
2.150	0.357512
2.182	0.358176
2.213	0.358800
2.247	0.359442
2.279	0.360119
2.312	0.360728
2.346	0.361321
2.377	0.361901
2.410	0.362521
2.442	0.363161
2.476	0.363724
2.510	0.364271
2.542	0.364897
2.575	0.365512
2.607	0.366010
2.640	0.366572
2.673	0.367181
2.706	0.367818
2.739	0.368422
2.771	0.369008
2.804	0.369574
2.836	0.370212
2.870	0.370764
2.902	0.371291
2.935	0.371838
2.968	0.372355
3.001	0.372885
3.034	0.373424
3.067	0.373993
3.099	0.374489
3.132	0.374948
3.165	0.375393
3.198	0.375908
3.231	0.376443
3.264	0.376925
3.296	0.377405
3.329	0.377875
3.363	0.378385
3.396	0.378829
3.428	0.379290
3.461	0.379768
3.493	0.380231
3.526	0.380693
3.559	0.381172
3.593	0.381694
3.625	0.382178
3.658	0.382617
3.691	0.383092
3.724	0.383605
3.757	0.384063
3.789	0.384509
3.822	0.385022
3.854	0.385489
3.887	0.385951
3.922	0.386422
3.954	0.386822
3.987	0.387205
4.020	0.387635
4.053	0.388043
4.086	0.388473
4.118	0.388883
4.152	0.389300
4.184	0.389761
4.217	0.390203
4.250	0.390585
4.284	0.391024
4.316	0.391452
4.349	0.391914
4.383	0.392335
4.415	0.392757
4.448	0.393163
4.480	0.393573
4.514	0.393979
4.546	0.394394
4.580	0.394788
4.612	0.395176
4.646	0.395564
4.679	0.395930
4.711	0.396294
4.744	0.396653
4.777	0.396979
4.810	0.397301
4.844	0.397628
4.877	0.397987
4.910	0.398330
4.941	0.398729
4.975	0.399101
5.008	0.399444
5.040	0.399820
5.074	0.400201
5.107	0.400555
5.140	0.400912
5.173	0.401281
5.206	0.401625
5.240	0.401946
5.272	0.402276
5.305	0.402635
5.338	0.402997
5.371	0.403383
5.404	0.403745
5.438	0.404077
5.470	0.404424
5.504	0.404714
5.535	0.404986
5.568	0.405279
5.602	0.405577
5.635	0.405874
5.669	0.406145
5.701	0.406427
5.733	0.406709
5.767	0.406969
5.800	0.407236
5.833	0.407515
5.867	0.407792
5.899	0.408068
5.932	0.408367
5.966	0.408668
5.998	0.408973
6.031	0.409268
6.065	0.409555
6.098	0.409836
6.130	0.410122
6.163	0.410417
6.196	0.410706
6.229	0.410980
6.263	0.411266
6.296	0.411563
6.330	0.411845
6.361	0.412110
6.396	0.412372
6.429	0.412652
6.462	0.412922
6.495	0.413181
6.527	0.413446
6.561	0.413706
6.594	0.413959
6.627	0.414194
6.659	0.414414
6.692	0.414627
6.725	0.414839
6.759	0.415048
6.793	0.415269
6.824	0.415500
6.858	0.415745
6.891	0.415964
6.925	0.416177
6.958	0.416390
6.990	0.416592
7.024	0.416784
7.057	0.416978
7.090	0.417213
7.123	0.417466
7.155	0.417720
7.189	0.417961
7.222	0.418184
7.255	0.418398
7.288	0.418608
7.321	0.418817
7.355	0.419023
7.387	0.419229
7.420	0.419438
7.453	0.419652
7.488	0.419860
7.520	0.420064
7.553	0.420274
7.587	0.420476
7.619	0.420675
7.653	0.420876
7.686	0.421071
7.719	0.421270
7.752	0.421492
7.784	0.421727
7.819	0.421960
7.852	0.422176
7.884	0.422370
7.918	0.422555
7.951	0.422742
7.984	0.422924
8.018	0.423095
8.051	0.423259
8.083	0.423424
8.116	0.423601
8.150	0.423789
8.182	0.423971
8.216	0.424151
8.249	0.424325
8.282	0.424493
8.315	0.424659
8.348	0.424815
8.382	0.424969
8.415	0.425139
8.447	0.425310
8.481	0.425476
8.514	0.425635
8.547	0.425797
8.581	0.425954
8.613	0.426101
8.647	0.426248
8.679	0.426387
8.712	0.426525
8.745	0.426675
8.780	0.426839
8.812	0.426994
8.845	0.427156
8.879	0.427321
8.912	0.427488
8.945	0.427652
8.977	0.427818
9.010	0.427978
9.044	0.428140
9.077	0.428305
9.110	0.428459
9.143	0.428614
9.178	0.428770
9.211	0.428919
9.244	0.429067
9.277	0.429216
9.311	0.429365
9.343	0.429515
9.376	0.429666
9.410	0.429816
9.443	0.429966
9.476	0.430117
9.507	0.430269
9.542	0.430422
9.575	0.430574
9.609	0.430726
9.642	0.430878
9.675	0.431029
9.708	0.431180
9.741	0.431331
9.773	0.431482
9.807	0.431634
9.840	0.431785
9.873	0.431937
9.907	0.432090
9.941	0.432242
9.974	0.432394
10.007	0.432545
10.039	0.432696
10.072	0.432848
10.105	0.433001
10.140	0.433153
10.173	0.433305
10.205	0.433457
10.238	0.433610
10.272	0.433763
10.305	0.433916
10.338	0.434070
10.372	0.434223
10.405	0.434376
10.438	0.434529
10.472	0.434680
10.506	0.434831
10.538	0.434981
10.571	0.435131
10.604	0.435282
10.638	0.435434
10.670	0.435587
10.704	0.435740
10.737	0.435892
10.769	0.436045
10.804	0.436196
10.838	0.436347
10.871	0.436497
10.903	0.436648
10.937	0.436796
10.969	0.436945
11.003	0.437094
11.036	0.437243
11.069	0.437391
11.103	0.437540
11.135	0.437689
11.168	0.437838
11.202	0.437985
11.236	0.438132
11.268	0.438279
11.302	0.438426
11.335	0.438571
11.368	0.438716
11.401	0.438860
11.434	0.439003
11.467	0.439146
11.500	0.439289
11.533	0.439432
11.568	0.439575
11.600	0.439719
11.633	0.439863
11.667	0.440007
11.700	0.440150
11.733	0.440293
11.767	0.440436
11.800	0.440578
11.832	0.440719
11.865	0.440859
11.900	0.440999
11.933	0.441138
11.967	0.441277
12.000	0.441416
12.032	0.441555
12.065	0.441695
12.099	0.441834
12.133	0.441972
12.166	0.442110
12.198	0.442247
12.232	0.442383
12.265	0.442519
12.298	0.442654
12.331	0.442788
12.365	0.442921
12.398	0.443055
12.431	0.443189
12.465	0.443323
12.498	0.443456
12.531	0.443590
12.565	0.443722
12.598	0.443854
12.631	0.443985
12.664	0.444116
12.698	0.444245
12.731	0.444374
12.764	0.444503
12.796	0.444632
12.830	0.444761
12.862	0.444890
12.896	0.445019
12.931	0.445148
12.962	0.445277
12.997	0.445404
13.030	0.445532
13.063	0.445658
13.096	0.445783
13.130	0.445908
13.163	0.446032
13.196	0.446157
13.230	0.446281
13.263	0.446404
13.295	0.446526
13.329	0.446647
13.362	0.446769
13.396	0.446890
13.429	0.447010
13.462	0.447130
13.495	0.447249
13.529	0.447367
13.562	0.447485
13.596	0.447601
13.628	0.447718
13.661	0.447834
13.695	0.447949
13.728	0.448064
13.761	0.448178
13.795	0.448292
13.828	0.448406
13.861	0.448519
13.894	0.448632
13.928	0.448744
13.961	0.448856
13.993	0.448968
14.027	0.449079
14.059	0.449190
14.093	0.449301
14.128	0.449412
14.160	0.449522
14.193	0.449631
14.226	0.449740
14.260	0.449848
14.293	0.449955
14.327	0.450062
14.360	0.450168
14.393	0.450274
14.427	0.450380
14.461	0.450485
14.492	0.450591
14.526	0.450697
14.560	0.450802
14.594	0.450906
14.626	0.451011
14.659	0.451116
14.693	0.451219
14.726	0.451323
14.760	0.451427
14.792	0.451529
14.826	0.451632
14.859	0.451732
14.891	0.451833
14.925	0.451934
14.958	0.452035
14.992	0.452134
15.025	0.452233
15.059	0.452331
15.091	0.452431
15.125	0.452530
15.159	0.452629
15.192	0.452728
15.226	0.452826
15.259	0.452924
15.292	0.453021
15.325	0.453118
15.358	0.453215
15.391	0.453312
15.424	0.453408
15.458	0.453504
15.491	0.453598
15.524	0.453692
15.558	0.453786
15.590	0.453879
15.625	0.453971
15.659	0.454062
15.691	0.454153
15.726	0.454244
15.758	0.454335
15.791	0.454425
15.824	0.454516
15.858	0.454607
15.890	0.454697
15.924	0.454786
15.957	0.454875
15.990	0.454963
16.024	0.455051
16.057	0.455139
16.091	0.455227
16.123	0.455315
16.156	0.455402
16.190	0.455487
16.224	0.455573
16.257	0.455658
16.290	0.455742
16.323	0.455827
16.356	0.455911
16.390	0.455995
16.424	0.456078
16.455	0.456162
16.490	0.456245
16.523	0.456327
16.555	0.456408
16.589	0.456489
16.623	0.456570
16.656	0.456650
16.689	0.456730
16.722	0.456809
16.756	0.456889
16.789	0.456969
16.822	0.457049
16.856	0.457129
16.889	0.457209
16.923	0.457288
16.955	0.457367
16.990	0.457446
17.023	0.457525
17.055	0.457603
17.089	0.457681
17.122	0.457759
17.156	0.457838
17.188	0.457915
17.221	0.457992
17.255	0.458069
17.289	0.458145
17.322	0.458222
17.355	0.458298
17.388	0.458373
17.420	0.458448
17.454	0.458523
17.488	0.458597
17.521	0.458671
17.555	0.458745
17.587	0.458819
17.620	0.458892
17.653	0.458966
17.688	0.459039
17.721	0.459112
17.755	0.459186
17.788	0.459260
17.820	0.459334
17.854	0.459406
17.888	0.459479
17.920	0.459552
17.954	0.459625
17.987	0.459697
18.021	0.459769
18.053	0.459842
18.088	0.459915
18.120	0.459986
18.154	0.460058
18.187	0.460129
18.221	0.460200
18.253	0.460271
18.287	0.460342
18.321	0.460412
18.354	0.460483
18.387	0.460553
18.420	0.460622
18.454	0.460692
18.488	0.460762
18.520	0.460832
18.555	0.460901
18.587	0.460970
18.620	0.461039
18.653	0.461108
18.687	0.461177
18.721	0.461246
18.752	0.461314
18.786	0.461382
18.820	0.461450
18.853	0.461518
18.886	0.461585
18.920	0.461653
18.951	0.461720
18.986	0.461786
19.019	0.461852
19.053	0.461917
19.086	0.461983
19.119	0.462048
19.153	0.462113
19.186	0.462177
19.220	0.462242
19.253	0.462306
19.286	0.462370
19.320	0.462434
19.353	0.462498
19.386	0.462562
19.419	0.462625
19.453	0.462689
19.485	0.462752
19.519	0.462815
19.553	0.462878
19.585	0.462940
19.619	0.463002
19.652	0.463064
19.686	0.463126
19.718	0.463187
19.752	0.463249
19.786	0.463309
19.818	0.463370
19.851	0.463431
19.886	0.463492
19.919	0.463552
19.952	0.463612
19.986	0.463672
20.020	0.463732
20.052	0.463792
20.085	0.463851
20.119	0.463910
20.152	0.463969
20.186	0.464027
20.219	0.464085
20.252	0.464143
20.285	0.464201
20.319	0.464259
20.351	0.464317
20.385	0.464373
20.417	0.464431
20.452	0.464487
20.484	0.464544
20.519	0.464601
20.551	0.464656
20.585	0.464712
20.618	0.464769
20.651	0.464825
20.685	0.464881
20.719	0.464937
20.751	0.464993
20.785	0.465049
20.817	0.465105
20.851	0.465161
20.884	0.465216
20.917	0.465272
20.951	0.465327
20.985	0.465382
21.018	0.465437
21.051	0.465492
21.086	0.465546
21.118	0.465601
21.151	0.465655
21.184	0.465709
21.217	0.465763
21.251	0.465817
21.285	0.465871
21.318	0.465925
21.351	0.465979
21.383	0.466032
21.418	0.466085
21.449	0.466139
21.484	0.466192
21.518	0.466245
21.550	0.466297
21.584	0.466350
21.618	0.466402
21.650	0.466455
21.684	0.466506
21.716	0.466558
21.750	0.466610
21.784	0.466662
21.817	0.466714
21.851	0.466766
21.883	0.466818
21.918	0.466870
21.950	0.466922
21.983	0.466973
22.016	0.467025
22.051	0.467076
22.083	0.467128
22.116	0.467179
22.150	0.467230
22.183	0.467281
22.216	0.467332
22.249	0.467383
22.283	0.467434
22.316	0.467485
22.349	0.467535
22.384	0.467585
22.417	0.467636
22.450	0.467687
22.484	0.467737
22.516	0.467787
22.550	0.467837
22.584	0.467888
22.617	0.467938
22.649	0.467989
22.684	0.468039
22.716	0.468090
22.750	0.468140
22.783	0.468190
22.816	0.468240
22.849	0.468290
22.883	0.468340
22.916	0.468390
22.949	0.468439
22.983	0.468488
23.016	0.468537
23.049	0.468587
23.083	0.468635
23.116	0.468684
23.150	0.468732
23.183	0.468781
23.216	0.468829
23.249	0.468877
23.281	0.468925
23.316	0.468973
23.349	0.469022
23.382	0.469071
23.415	0.469119
23.449	0.469168
23.482	0.469217
23.516	0.469266
23.549	0.469315
23.583	0.469364
23.616	0.469413
23.650	0.469461
23.683	0.469510
23.716	0.469558
23.749	0.469606
23.782	0.469655
23.814	0.469703
23.849	0.469751
23.883	0.469799
23.916	0.469846
23.949	0.469893
23.982	0.469940
24.015	0.469988
24.049	0.470035
24.082	0.470082
24.115	0.470129
24.148	0.470175
24.183	0.470222
24.216	0.470268
24.247	0.470315
24.282	0.470361
24.314	0.470407
24.348	0.470453
24.381	0.470500
24.416	0.470546
24.448	0.470591
24.482	0.470637
24.515	0.470683
24.548	0.470729
24.581	0.470774
24.615	0.470820
24.648	0.470865
24.682	0.470911
24.715	0.470956
24.748	0.471002
24.782	0.471047
24.814	0.471092
24.849	0.471137
24.882	0.471182
24.915	0.471226
24.948	0.471272
24.981	0.471316
25.015	0.471360
25.048	0.471405
25.082	0.471449
25.114	0.471493
25.149	0.471537
25.181	0.471581
25.214	0.471625
25.248	0.471669
25.281	0.471713
25.315	0.471757
25.348	0.471801
25.382	0.471845
25.414	0.471889
25.447	0.471933
25.480	0.471977
25.515	0.472020
25.548	0.472064
25.581	0.472107
25.615	0.472150
25.648	0.472194
25.682	0.472237
25.715	0.472280
25.748	0.472323
25.781	0.472367
25.815	0.472410
25.848	0.472453
25.883	0.472496
25.914	0.472540
25.948	0.472583
25.981	0.472626
26.015	0.472669
26.048	0.472712
26.081	0.472755
26.114	0.472797
26.148	0.472840
26.181	0.472882
26.214	0.472925
26.246	0.472967
26.280	0.473009
26.314	0.473052
26.348	0.473094
26.381	0.473136
26.413	0.473179
26.447	0.473220
26.479	0.473262
26.515	0.473305
26.548	0.473346
26.581	0.473388
26.614	0.473430
26.647	0.473471
26.681	0.473513
26.715	0.473554
26.747	0.473596
26.782	0.473637
26.814	0.473679
26.847	0.473720
26.881	0.473761
26.914	0.473803
26.948	0.473844
26.980	0.473885
27.014	0.473926
27.047	0.473967
27.081	0.474008
27.114	0.474048
27.146	0.474089
27.181	0.474129
27.214	0.474170
27.247	0.474210
27.281	0.474250
27.314	0.474290
27.346	0.474330
27.381	0.474370
27.414	0.474409
27.447	0.474449
27.481	0.474489
27.515	0.474528
27.546	0.474567
27.581	0.474607
27.614	0.474646
27.647	0.474685
27.681	0.474724
27.714	0.474764
27.748	0.474803
27.780	0.474842
27.812	0.474881
27.847	0.474920
27.881	0.474959
27.913	0.474998
27.947	0.475036
27.981	0.475075
28.013	0.475114
28.048	0.475152
28.080	0.475191
28.114	0.475229
28.147	0.475267
28.179	0.475305
28.214	0.475343
28.247	0.475381
28.280	0.475419
28.313	0.475457
28.346	0.475494
28.380	0.475532
28.414	0.475569
28.447	0.475607
28.480	0.475645
28.514	0.475683
28.546	0.475720
28.580	0.475758
28.612	0.475795
28.647	0.475832
28.681	0.475870
28.713	0.475907
28.746	0.475944
28.780	0.475982
28.812	0.476019
28.847	0.476056
28.880	0.476094
28.913	0.476131
28.947	0.476168
28.980	0.476206
29.012	0.476243
29.046	0.476280
29.080	0.476318
29.113	0.476355
29.146	0.476392
29.180	0.476430
29.212	0.476467
29.246	0.476504
29.279	0.476541
29.312	0.476579
29.346	0.476616
29.380	0.476654
29.413	0.476691
29.445	0.476728
29.479	0.476766
29.513	0.476803
29.546	0.476841
29.580	0.476878
29.612	0.476915
29.646	0.476952
29.680	0.476989
29.713	0.477027
29.746	0.477064
29.780	0.477102
29.811	0.477139
29.846	0.477176
29.879	0.477214
29.912	0.477251
29.946	0.477288
29.979	0.477325
30.013	0.477362
30.046	0.477399
30.079	0.477436
30.112	0.477473
30.145	0.477510
30.179	0.477546
30.211	0.477583
30.246	0.477620
30.278	0.477656
30.312	0.477693
30.344	0.477730
30.378	0.477766
30.412	0.477803
30.446	0.477839
30.478	0.477876
30.512	0.477912
30.545	0.477948
30.579	0.477985
30.613	0.478021
30.645	0.478057
30.679	0.478093
30.712	0.478129
30.745	0.478165
30.779	0.478202
30.811	0.478237
30.846	0.478274
30.878	0.478309
30.912	0.478346
30.944	0.478382
30.978	0.478417
31.012	0.478453
31.045	0.478489
31.079	0.478525
31.111	0.478561
31.144	0.478597
31.178	0.478633
31.212	0.478668
31.245	0.478704
31.278	0.478739
31.311	0.478774
31.344	0.478810
31.378	0.478845
31.412	0.478881
31.445	0.478916
31.478	0.478951
31.512	0.478987
31.545	0.479022
31.578	0.479057
31.611	0.479092
31.644	0.479127
31.678	0.479162
31.711	0.479198
31.743	0.479233
31.778	0.479268
31.810	0.479302
31.845	0.479337
31.877	0.479372
31.912	0.479406
31.946	0.479441
31.977	0.479475
32.012	0.479510
32.045	0.479545
32.079	0.479579
32.112	0.479614
32.144	0.479649
32.179	0.479684
32.211	0.479719
32.244	0.479754
32.277	0.479789
32.310	0.479824
32.344	0.479859
32.377	0.479894
32.411	0.479929
32.444	0.479963
32.477	0.479998
32.511	0.480033
32.544	0.480067
32.578	0.480102
32.611	0.480136
32.644	0.480171
32.678	0.480205
32.711	0.480240
32.745	0.480274
32.778	0.480309
32.810	0.480343
32.845	0.480377
32.878	0.480411
32.912	0.480446
32.944	0.480480
32.977	0.480515
33.011	0.480549
33.044	0.480583
33.076	0.480617
33.111	0.480652
33.143	0.480685
33.178	0.480720
33.211	0.480754
33.244	0.480787
33.278	0.480822
33.310	0.480855
33.344	0.480889
33.378	0.480923
33.411	0.480957
33.444	0.480991
33.477	0.481025
33.511	0.481058
33.545	0.481092
33.578	0.481125
33.611	0.481159
33.644	0.481193
33.678	0.481226
33.712	0.481260
33.745	0.481294
33.779	0.481327
33.811	0.481361
33.844	0.481395
33.878	0.481428
33.911	0.481462
33.945	0.481495
33.977	0.481529
34.011	0.481562
34.044	0.481595
34.078	0.481629
34.110	0.481662
34.145	0.481695
34.177	0.481728
34.211	0.481760
34.244	0.481793
34.277	0.481826
34.309	0.481859
34.344	0.481891
34.377	0.481924
34.411	0.481957
34.444	0.481990
34.478	0.482022
34.511	0.482054
34.545	0.482087
34.577	0.482119
34.611	0.482152
34.645	0.482185
34.678	0.482217
34.711	0.482249
34.745	0.482282
34.778	0.482314
34.811	0.482347
34.844	0.482380
34.876	0.482412
34.911	0.482444
34.944	0.482477
34.978	0.482509
35.011	0.482542
35.045	0.482574
35.077	0.482606
35.111	0.482639
35.144	0.482671
35.177	0.482703
35.211	0.482735
35.244	0.482768
35.278	0.482799
35.311	0.482832
35.345	0.482864
35.377	0.482895
35.412	0.482927
35.444	0.482959
35.477	0.482991
35.510	0.483023
35.544	0.483054
35.577	0.483086
35.610	0.483117
35.644	0.483149
35.677	0.483181
35.710	0.483212
35.743	0.483244
35.777	0.483276
35.810	0.483307
35.844	0.483339
35.876	0.483370
35.911	0.483401
35.943	0.483433
35.977	0.483465
36.010	0.483496
36.044	0.483527
36.076	0.483559
36.109	0.483590
36.144	0.483621
36.176	0.483653
36.210	0.483685
36.242	0.483716
36.276	0.483747
36.309	0.483779
36.342	0.483811
36.376	0.483843
36.410	0.483875
36.444	0.483907
36.476	0.483939
36.509	0.483971
36.543	0.484003
36.577	0.484035
36.610	0.484067
36.644	0.484098
36.677	0.484130
36.710	0.484162
36.743	0.484194
36.777	0.484225
36.810	0.484257
36.843	0.484289
36.877	0.484321
36.909	0.484352
36.942	0.484384
36.976	0.484415
37.009	0.484447
37.043	0.484478
37.075	0.484510
37.110	0.484542
37.143	0.484573
37.175	0.484604
37.210	0.484636
37.243	0.484667
37.276	0.484698
37.309	0.484730
37.343	0.484761
37.377	0.484793
37.410	0.484824
37.443	0.484855
37.477	0.484886
37.509	0.484918
37.543	0.484949
37.577	0.484980
37.610	0.485011
37.643	0.485042
37.676	0.485074
37.710	0.485105
37.742	0.485137
37.777	0.485167
37.810	0.485199
37.843	0.485230
37.876	0.485261
37.910	0.485292
37.942	0.485324
37.976	0.485355
38.008	0.485386
38.043	0.485416
38.075	0.485448
38.109	0.485479
38.143	0.485510
38.177	0.485541
38.210	0.485572
38.242	0.485602
38.276	0.485633
38.309	0.485664
38.343	0.485695
38.376	0.485726
38.409	0.485756
38.443	0.485787
38.476	0.485818
38.510	0.485849
38.542	0.485879
38.575	0.485910
38.610	0.485940
38.642	0.485971
38.676	0.486002
38.710	0.486032
38.743	0.486063
38.776	0.486094
38.809	0.486125
38.842	0.486155
38.877	0.486186
38.909	0.486216
38.941	0.486247
38.976	0.486278
39.010	0.486308
39.043	0.486339
39.075	0.486370
39.110	0.486400
39.141	0.486431
39.176	0.486461
39.209	0.486492
39.242	0.486523
39.275	0.486553
39.308	0.486584
39.342	0.486615
39.376	0.486645
39.408	0.486676
39.442	0.486706
39.475	0.486737
39.509	0.486767
39.543	0.486797
39.576	0.486828
39.609	0.486859
39.642	0.486889
39.676	0.486920
39.708	0.486950
39.741	0.486980
39.775	0.487011
39.809	0.487042
39.842	0.487072
39.876	0.487103
39.909	0.487133
39.942	0.487164
39.976	0.487194
40.009	0.487225
40.044	0.487256
40.076	0.487286
40.109	0.487317
40.143	0.487347
40.175	0.487378
40.209	0.487409
40.242	0.487439
40.275	0.487470
40.310	0.487501
40.342	0.487531
40.376	0.487562
40.409	0.487592
40.442	0.487623
40.476	0.487654
40.509	0.487685
40.543	0.487715
40.575	0.487746
40.608	0.487777
40.642	0.487807
40.675	0.487838
40.709	0.487869
40.742	0.487899
40.774	0.487931
40.808	0.487962
40.842	0.487993
40.875	0.488024
40.909	0.488055
40.942	0.488086
40.975	0.488117
41.008	0.488149
41.041	0.488180
41.074	0.488211
41.108	0.488243
41.142	0.488274
41.174	0.488306
41.209	0.488337
41.241	0.488368
41.275	0.488400
41.309	0.488432
41.342	0.488463
41.375	0.488495
41.407	0.488526
41.441	0.488558
41.476	0.488590
41.508	0.488621
41.541	0.488653
41.574	0.488685
41.607	0.488716
41.642	0.488748
41.676	0.488780
41.708	0.488812
41.742	0.488843
41.774	0.488876
41.808	0.488907
41.841	0.488940
41.876	0.488973
41.908	0.489005
41.940	0.489038
41.975	0.489071
42.007	0.489104
42.040	0.489137
42.075	0.489170
42.108	0.489203
42.141	0.489237
42.175	0.489270
42.208	0.489303
42.241	0.489336
42.275	0.489369
42.310	0.489402
42.342	0.489435
42.375	0.489468
42.408	0.489503
42.441	0.489536
42.474	0.489571
42.508	0.489604
42.541	0.489638
42.575	0.489673
42.608	0.489707
42.641	0.489741
42.675	0.489775
42.707	0.489810
42.741	0.489844
42.774	0.489878
42.808	0.489912
42.840	0.489947
42.873	0.489980
42.908	0.490015
42.940	0.490049
42.974	0.490084
43.008	0.490119
43.040	0.490154
43.075	0.490190
43.108	0.490225
43.140	0.490260
43.174	0.490295
43.207	0.490331
43.240	0.490367
43.275	0.490403
43.309	0.490438
43.341	0.490474
43.374	0.490510
43.407	0.490546
43.441	0.490582
43.473	0.490618
43.507	0.490654
43.540	0.490690
43.575	0.490726
43.607	0.490762
43.641	0.490798
43.675	0.490835
43.707	0.490870
43.740	0.490907
43.774	0.490943
43.807	0.490979
43.841	0.491015
43.873	0.491051
43.907	0.491088
43.941	0.491124
43.974	0.491160
44.008	0.491196
44.039	0.491233
44.072	0.491268
44.108	0.491305
44.141	0.491341
44.173	0.491378
44.206	0.491415
44.241	0.491451
44.273	0.491488
44.307	0.491525
44.341	0.491561
44.374	0.491598
44.407	0.491635
44.441	0.491671
44.473	0.491708
44.507	0.491745
44.540	0.491782
44.574	0.491820
44.607	0.491858
44.640	0.491895
44.675	0.491933
44.707	0.491970
44.740	0.492008
44.773	0.492046
44.807	0.492084
44.841	0.492123
44.874	0.492161
44.907	0.492200
44.940	0.492239
44.974	0.492277
45.007	0.492316
45.040	0.492356
45.074	0.492395
45.108	0.492434
45.141	0.492473
45.175	0.492512
45.206	0.492552
45.242	0.492591
45.274	0.492631
45.308	0.492671
45.341	0.492711
45.374	0.492752
45.406	0.492793
45.441	0.492834
45.473	0.492875
45.507	0.492916
45.541	0.492958
45.574	0.492999
45.607	0.493041
45.639	0.493083
45.673	0.493125
45.707	0.493167
45.740	0.493209
45.774	0.493250
45.807	0.493293
45.839	0.493334
45.874	0.493376
45.907	0.493418
45.940	0.493460
45.974	0.493502
46.006	0.493544
46.040	0.493586
46.073	0.493629
46.107	0.493671
46.141	0.493714
46.174	0.493757
46.208	0.493801
46.240	0.493845
46.273	0.493889
46.307	0.493933
46.340	0.493978
46.373	0.494022
46.407	0.494067
46.440	0.494111
46.474	0.494156
46.506	0.494200
46.540	0.494245
46.573	0.494290
46.606	0.494335
46.640	0.494381
46.674	0.494426
46.706	0.494470
46.739	0.494516
46.773	0.494561
46.806	0.494607
46.840	0.494653
46.873	0.494699
46.907	0.494745
46.939	0.494791
46.973	0.494837
47.006	0.494884
47.041	0.494930
47.073	0.494978
47.107	0.495026
47.139	0.495074
47.174	0.495123
47.207	0.495173
47.240	0.495223
47.274	0.495273
47.307	0.495323
47.340	0.495373
47.374	0.495424
47.406	0.495474
47.439	0.495526
47.473	0.495578
47.506	0.495630
47.539	0.495683
47.572	0.495736
47.605	0.495788
47.640	0.495841
47.673	0.495893
47.705	0.495947
47.739	0.496001
47.772	0.496055
47.806	0.496111
47.840	0.496166
47.874	0.496222
47.907	0.496278
47.939	0.496335
47.973	0.496393
48.006	0.496451
48.039	0.496510
48.074	0.496569
48.107	0.496629
48.140	0.496690
48.173	0.496753
48.206	0.496817
48.240	0.496881
48.274	0.496946
48.306	0.497012
48.340	0.497079
48.373	0.497146
48.406	0.497213
48.440	0.497282
48.472	0.497352
48.505	0.497421
48.539	0.497491
48.572	0.497561
48.606	0.497632
48.640	0.497703
48.673	0.497773
48.705	0.497843
48.738	0.497913
48.773	0.497984
48.806	0.498054
48.839	0.498125
48.872	0.498197
48.906	0.498269
48.939	0.498340
48.971	0.498412
49.006	0.498485
49.039	0.498558
49.073	0.498631
49.105	0.498706
49.139	0.498781
49.173	0.498858
49.205	0.498936
49.238	0.499015
49.272	0.499095
49.304	0.499175
49.339	0.499256
49.372	0.499337
49.406	0.499420
49.438	0.499503
49.471	0.499586
49.505	0.499670
49.539	0.499754
49.573	0.499839
49.604	0.499924
49.638	0.500010
49.671	0.500097
49.706	0.500185
49.738	0.500273
49.772	0.500362
49.806	0.500452
49.838	0.500544
49.872	0.500638
49.905	0.500732
49.938	0.500828
49.972	0.500924
50.006	0.501022
50.039	0.501121
50.072	0.501220
50.106	0.501319
50.138	0.501420
50.172	0.501520
50.205	0.501621
50.238	0.501723
50.271	0.501825
50.305	0.501927
50.339	0.502031
50.371	0.502135
50.405	0.502241
50.437	0.502347
50.471	0.502453
50.503	0.502559
50.538	0.502667
50.572	0.502775
50.605	0.502883
50.638	0.502992
50.671	0.503102
50.705	0.503214
50.737	0.503327
50.771	0.503441
50.804	0.503556
50.836	0.503673
50.871	0.503791
50.904	0.503909
50.937	0.504027
50.970	0.504147
51.004	0.504267
51.037	0.504388
51.070	0.504510
51.105	0.504633
51.137	0.504757
51.171	0.504881
51.204	0.505007
51.238	0.505134
51.271	0.505262
51.305	0.505391
51.336	0.505522
51.370	0.505655
51.403	0.505794
51.437	0.505947
51.469	0.506103
51.504	0.506259
51.536	0.506413
51.570	0.506558
51.602	0.506696
51.637	0.506834
51.670	0.506973
51.703	0.507112
51.737	0.507255
51.769	0.507402
51.803	0.507568
51.836	0.507761
51.870	0.507967
51.903	0.508164
51.937	0.508359
51.969	0.508567
52.001	0.508778
52.036	0.508988
52.069	0.509193
52.103	0.509397
52.136	0.509606
52.169	0.509825
52.202	0.510050
52.236	0.510274
52.268	0.510502
52.302	0.510730
52.336	0.510956
52.369	0.511208
52.401	0.511461
52.436	0.511705
52.468	0.511950
52.502	0.512202
52.536	0.512461
52.569	0.512729
52.602	0.512992
52.635	0.513252
52.668	0.513509
52.701	0.513790
52.737	0.514064
52.768	0.514342
52.801	0.514650
52.836	0.514984
52.868	0.515317
52.902	0.515648
52.933	0.515977
52.968	0.516290
53.001	0.516630
53.034	0.516984
53.067	0.517343
53.101	0.517689
53.133	0.518040
53.167	0.518409
53.200	0.518771
53.234	0.519105
53.267	0.519453
53.301	0.519807
53.333	0.520166
53.366	0.520504
53.400	0.520841
53.433	0.521207
53.466	0.521595
53.499	0.522006
53.533	0.522454
53.566	0.522906
53.599	0.523361
53.632	0.523783
53.665	0.524232
53.698	0.524741
53.732	0.525226
53.766	0.525693
53.798	0.526133
53.831	0.526541
53.865	0.526940
53.898	0.527367
53.932	0.527769
53.965	0.528201
53.998	0.528669
54.032	0.529173
54.064	0.529656
54.097	0.530142
54.131	0.530654
54.163	0.531206
54.198	0.531750
54.230	0.532277
54.263	0.532776
54.298	0.533249
54.331	0.533702
54.364	0.534134
54.397	0.534602
54.430	0.535108
54.463	0.535617
54.497	0.536154
54.530	0.536660
54.563	0.537153
54.595	0.537633
54.630	0.538127
54.663	0.538663
54.695	0.539190
54.730	0.539708
54.763	0.540245
54.795	0.540767
54.829	0.541286
54.862	0.541837
54.895	0.542389
54.930	0.542893
54.961	0.543397
54.995	0.543895
55.028	0.544427
55.061	0.544963
55.094	0.545467
55.127	0.545974
55.161	0.546538
55.195	0.547066
55.227	0.547551
55.260	0.548033
55.293	0.548531
55.327	0.549009
55.359	0.549517
55.392	0.550012
55.427	0.550585
55.459	0.551137
55.494	0.551637
55.525	0.552157
55.560	0.552663
55.594	0.553174
55.626	0.553712
55.659	0.554231
55.693	0.554750
55.726	0.555331
55.759	0.555893
55.792	0.556438
55.825	0.556941
55.858	0.557424
55.892	0.557959
55.926	0.558409
55.959	0.558851
55.992	0.559278
56.024	0.559710
56.059	0.560084
56.091	0.560484
56.125	0.560983
56.158	0.561463
56.191	0.561913
56.224	0.562326
56.257	0.562747
56.290	0.563179
56.325	0.563655
56.357	0.564122
56.391	0.564585
56.424	0.565009
56.457	0.565411
56.490	0.565801
56.524	0.566187
56.556	0.566619
56.589	0.567060
56.623	0.567470
56.656	0.567891
56.690	0.568305
56.723	0.568720
56.757	0.569105
56.790	0.569483
56.823	0.569858
56.856	0.570210
56.888	0.570552
56.923	0.570907
56.956	0.571237
56.989	0.571539
57.022	0.571821
57.056	0.572094
57.089	0.572344
57.122	0.572597
57.154	0.572878
57.189	0.573170
57.223	0.573438
57.254	0.573689
57.288	0.573928
57.321	0.574145
57.356	0.574359
57.389	0.574573
57.421	0.574789
57.454	0.574994
57.487	0.575199
57.522	0.575403
57.554	0.575597
57.587	0.575781
57.621	0.575947
57.654	0.576108
57.688	0.576264
57.721	0.576416
57.753	0.576564
57.786	0.576709
57.820	0.576850
57.854	0.576986
57.887	0.577116
57.922	0.577235
57.953	0.577342
57.987	0.577440
58.019	0.577541
58.053	0.577640
58.086	0.577739
58.119	0.577838
58.153	0.577936
58.186	0.578036
58.221	0.578136
58.253	0.578235
58.287	0.578334
58.321	0.578433
58.353	0.578532
58.385	0.578630
58.420	0.578728
58.454	0.578826
58.487	0.578923
58.520	0.579020
58.553	0.579115
58.586	0.579210
58.620	0.579304
58.652	0.579397
58.686	0.579489
58.719	0.579580
58.754	0.579670
58.786	0.579759
58.821	0.579847
58.852	0.579934
58.887	0.580021
58.920	0.580106
58.953	0.580191
58.986	0.580274
59.020	0.580357
59.053	0.580438
59.086	0.580519
59.120	0.580598
59.154	0.580677
59.187	0.580754
59.221	0.580831
59.254	0.580906
59.287	0.580981
59.320	0.581054
59.355	0.581126
59.386	0.581198
59.420	0.581268
59.454	0.581337
59.487	0.581406
59.520	0.581473
59.554	0.581539
59.586	0.581605
59.620	0.581669
59.653	0.581732
59.687	0.581794
59.721	0.581855
59.753	0.581915
59.786	0.581974
59.819	0.582033
59.853	0.582090
59.887	0.582146
59.921	0.582200
59.953	0.582253
59.986	0.582305
60.021	0.582356
60.054	0.582406
60.086	0.582455
60.120	0.582503
60.154	0.582550
60.186	0.582596
60.219	0.582642
60.254	0.582686
60.288	0.582730
60.319	0.582772
60.353	0.582813
60.386	0.582853
60.420	0.582893
60.453	0.582931
60.487	0.582968
60.520	0.583005
60.554	0.583040
60.586	0.583075
60.619	0.583108
60.653	0.583141
60.688	0.583172
60.720	0.583203
60.753	0.583234
60.785	0.583263
60.820	0.583292
60.854	0.583320
60.887	0.583348
60.920	0.583374
60.954	0.583400
60.986	0.583426
61.020	0.583450
61.055	0.583474
61.087	0.583498
61.121	0.583520
61.154	0.583542
61.187	0.583564
61.221	0.583585
61.254	0.583605
61.287	0.583624
61.320	0.583643
61.354	0.583662
61.386	0.583680
61.420	0.583696
61.452	0.583713
61.487	0.583729
61.519	0.583744
61.554	0.583758
61.587	0.583771
61.621	0.583784
61.653	0.583796
61.687	0.583808
61.718	0.583819
61.753	0.583830
61.787	0.583840
61.819	0.583850
61.853	0.583859
61.886	0.583868
61.920	0.583877
61.953	0.583885
61.987	0.583893
62.020	0.583901
62.053	0.583908
62.087	0.583915
62.120	0.583921
62.153	0.583928
62.187	0.583934
62.220	0.583940
62.255	0.583946
62.287	0.583951
62.321	0.583956
62.353	0.583961
62.387	0.583966
62.421	0.583971
62.454	0.583975
62.487	0.583979
62.520	0.583984
62.553	0.583988
62.587	0.583991
62.620	0.583995
62.653	0.583998
62.686	0.584002
62.720	0.584005
62.753	0.584008
62.786	0.584011
62.819	0.584014
62.853	0.584017
62.886	0.584019
62.919	0.584021
62.953	0.584024
62.986	0.584026
63.020	0.584028
63.052	0.584030
63.087	0.584032
63.121	0.584034
63.153	0.584036
63.188	0.584038
63.221	0.584040
63.253	0.584042
63.287	0.584044
63.320	0.584046
63.355	0.584048
63.387	0.584050
63.420	0.584052
63.453	0.584054
63.486	0.584056
63.520	0.584059
63.553	0.584061
63.587	0.584064
63.620	0.584066
63.655	0.584069
63.687	0.584072
63.719	0.584075
63.753	0.584078
63.786	0.584081
63.821	0.584083
63.854	0.584086
63.886	0.584090
63.919	0.584093
63.954	0.584096
63.986	0.584099
64.020	0.584103
64.053	0.584107
64.087	0.584110
64.120	0.584114
64.154	0.584119
64.186	0.584123
64.220	0.584127
64.254	0.584132
64.287	0.584136
64.320	0.584140
64.354	0.584145
64.387	0.584150
64.420	0.584155
64.453	0.584160
64.487	0.584165
64.521	0.584170
64.554	0.584175
64.587	0.584181
64.621	0.584187
64.653	0.584193
64.687	0.584199
64.721	0.584205
64.753	0.584211
64.786	0.584217
64.820	0.584224
64.854	0.584230
64.886	0.584237
64.920	0.584244
64.954	0.584251
64.986	0.584257
65.020	0.584264
65.053	0.584272
65.087	0.584279
65.119	0.584286
65.152	0.584293
65.188	0.584301
65.219	0.584308
65.253	0.584316
65.287	0.584323
65.320	0.584331
65.353	0.584339
65.386	0.584346
65.420	0.584354
65.453	0.584363
65.487	0.584371
65.520	0.584379
65.554	0.584387
65.587	0.584396
65.620	0.584404
65.653	0.584413
65.687	0.584422
65.720	0.584431
65.754	0.584440
65.787	0.584449
65.820	0.584458
65.854	0.584467
65.887	0.584476
65.920	0.584486
65.953	0.584495
65.986	0.584505
66.020	0.584515
66.053	0.584524
66.086	0.584534
66.120	0.584543
66.152	0.584553
66.187	0.584564
66.220	0.584573
66.254	0.584584
66.287	0.584594
66.320	0.584604
66.354	0.584615
66.387	0.584625
66.420	0.584636
66.453	0.584646
66.487	0.584658
66.520	0.584669
66.553	0.584680
66.587	0.584691
66.620	0.584701
66.653	0.584713
66.687	0.584724
66.721	0.584735
66.753	0.584747
66.787	0.584758
66.819	0.584770
66.854	0.584782
66.887	0.584793
66.921	0.584805
66.954	0.584817
66.986	0.584829
67.021	0.584841
67.054	0.584853
67.087	0.584865
67.120	0.584877
67.153	0.584889
67.187	0.584901
67.220	0.584913
67.253	0.584926
67.287	0.584938
67.319	0.584951
67.354	0.584963
67.387	0.584975
67.420	0.584988
67.453	0.585001
67.486	0.585013
67.519	0.585026
67.554	0.585039
67.588	0.585052
67.620	0.585064
67.653	0.585078
67.687	0.585090
67.720	0.585103
67.754	0.585116
67.788	0.585129
67.820	0.585142
67.854	0.585155
67.887	0.585167
67.921	0.585181
67.954	0.585194
67.988	0.585207
68.020	0.585220
68.053	0.585233
68.087	0.585246
68.121	0.585259
68.154	0.585272
68.186	0.585286
68.221	0.585299
68.254	0.585312
68.286	0.585325
68.320	0.585338
68.353	0.585352
68.387	0.585365
68.421	0.585379
68.454	0.585392
68.486	0.585406
68.520	0.585419
68.553	0.585433
68.588	0.585446
68.620	0.585460
68.653	0.585473
68.687	0.585487
68.720	0.585500
68.754	0.585514
68.788	0.585527
68.820	0.585541
68.854	0.585555
68.888	0.585569
68.922	0.585582
68.954	0.585596
68.987	0.585610
69.021	0.585623
69.054	0.585638
69.088	0.585651
69.121	0.585665
69.154	0.585679
69.188	0.585693
69.221	0.585707
69.255	0.585720
69.287	0.585734
69.320	0.585748
69.354	0.585762
69.387	0.585775
69.419	0.585789
69.454	0.585803
69.487	0.585816
69.520	0.585830
69.554	0.585843
69.587	0.585856
69.621	0.585870
69.653	0.585883
69.686	0.585896
69.721	0.585909
69.754	0.585923
69.787	0.585936
69.820	0.585949
69.854	0.585962
69.887	0.585974
69.921	0.585988
69.954	0.586001
69.988	0.586013
70.020	0.586027
70.054	0.586039
70.087	0.586052
70.120	0.586064
70.153	0.586077
70.187	0.586090
70.220	0.586102
70.253	0.586114
70.288	0.586127
70.320	0.586139
70.353	0.586151
70.387	0.586163
70.421	0.586175
70.454	0.586187
70.487	0.586199
70.520	0.586211
70.554	0.586223
70.587	0.586235
70.620	0.586247
70.653	0.586258
70.688	0.586269
70.721	0.586281
70.754	0.586292
70.787	0.586304
70.820	0.586315
70.853	0.586326
70.887	0.586338
70.920	0.586349
70.954	0.586360
70.987	0.586371
71.020	0.586381
71.052	0.586392
71.087	0.586403
71.120	0.586413
71.153	0.586423
71.187	0.586434
71.220	0.586444
71.253	0.586454
71.287	0.586465
71.320	0.586474
71.354	0.586484
71.387	0.586494
71.421	0.586503
71.453	0.586513
71.486	0.586522
71.521	0.586532
71.554	0.586541
71.587	0.586550
71.621	0.586560
71.653	0.586569
71.688	0.586577
71.719	0.586586
71.754	0.586595
71.787	0.586603
71.819	0.586612
71.855	0.586620
71.886	0.586629
71.919	0.586637
71.953	0.586645
71.986	0.586653
72.020	0.586661
72.053	0.586669
72.087	0.586677
72.120	0.586685
72.153	0.586692
72.187	0.586700
72.220	0.586707
72.253	0.586715
72.287	0.586722
72.321	0.586729
72.354	0.586736
72.387	0.586743
72.421	0.586750
72.454	0.586757
72.488	0.586764
72.520	0.586770
72.554	0.586777
72.586	0.586784
72.621	0.586790
72.654	0.586796
72.686	0.586802
72.721	0.586808
72.754	0.586814
72.786	0.586820
72.819	0.586825
72.854	0.586831
72.888	0.586836
72.920	0.586841
72.954	0.586846
72.986	0.586851
73.021	0.586855
73.053	0.586860
73.086	0.586865
73.121	0.586869
73.153	0.586873
73.187	0.586877
73.220	0.586881
73.255	0.586884
73.287	0.586888
73.320	0.586891
73.354	0.586894
73.387	0.586897
73.421	0.586901
73.454	0.586903
73.487	0.586906
73.521	0.586909
73.554	0.586911
73.588	0.586913
73.621	0.586915
73.654	0.586916
73.688	0.586918
73.721	0.586920
73.754	0.586921
73.786	0.586922
73.821	0.586923
73.855	0.586924
73.888	0.586924
73.920	0.586925
73.954	0.586925
73.987	0.586925
74.020	0.586925
74.055	0.586925
74.086	0.586924
74.120	0.586924
74.153	0.586923
74.187	0.586921
74.221	0.586920
74.254	0.586919
74.287	0.586917
74.320	0.586915
74.355	0.586912
74.387	0.586910
74.420	0.586908
74.454	0.586905
74.487	0.586901
74.520	0.586898
74.554	0.586895
74.587	0.586891
74.620	0.586887
74.654	0.586883
74.687	0.586878
74.720	0.586874
74.754	0.586869
74.788	0.586863
74.821	0.586857
74.855	0.586851
74.888	0.586843
74.921	0.586836
74.955	0.586829
74.988	0.586821
75.022	0.586813
75.054	0.586805
75.088	0.586797
75.122	0.586788
75.154	0.586779
75.189	0.586770
75.222	0.586761
75.255	0.586750
75.287	0.586739
75.320	0.586727
75.355	0.586715
75.388	0.586702
75.421	0.586688
75.455	0.586674
75.488	0.586658
75.522	0.586642
75.555	0.586626
75.588	0.586609
75.621	0.586592
75.654	0.586574
75.688	0.586557
75.721	0.586539
75.754	0.586520
75.789	0.586501
75.822	0.586481
75.854	0.586462
75.889	0.586441
75.921	0.586421
75.955	0.586400
75.989	0.586378
76.021	0.586355
76.055	0.586332
76.088	0.586307
76.122	0.586282
76.155	0.586256
76.188	0.586229
76.221	0.586200
76.255	0.586170
76.288	0.586140
76.321	0.586109
76.355	0.586076
76.388	0.586043
76.421	0.586009
76.454	0.585974
76.489	0.585938
76.521	0.585901
76.555	0.585863
76.588	0.585825
76.623	0.585785
76.655	0.585745
76.689	0.585705
76.723	0.585663
76.756	0.585622
76.789	0.585580
76.822	0.585538
76.857	0.585495
76.889	0.585451
76.922	0.585406
76.955	0.585361
76.989	0.585315
77.023	0.585269
77.056	0.585222
77.089	0.585173
77.122	0.585122
77.156	0.585070
77.190	0.585016
77.222	0.584959
77.255	0.584901
77.289	0.584840
77.322	0.584779
77.356	0.584716
77.389	0.584651
77.423	0.584584
77.456	0.584516
77.488	0.584445
77.522	0.584373
77.556	0.584301
77.590	0.584227
77.622	0.584152
77.658	0.584076
77.689	0.584000
77.722	0.583923
77.758	0.583845
77.790	0.583767
77.823	0.583689
77.857	0.583608
77.891	0.583527
77.923	0.583445
77.956	0.583362
77.990	0.583278
78.024	0.583193
78.057	0.583107
78.090	0.583020
78.123	0.582931
78.156	0.582839
78.191	0.582746
78.223	0.582653
78.257	0.582557
78.291	0.582458
78.323	0.582358
78.357	0.582257
78.391	0.582156
78.424	0.582052
78.457	0.581949
78.491	0.581844
78.524	0.581739
78.558	0.581633
78.591	0.581526
78.623	0.581418
78.657	0.581310
78.690	0.581200
78.725	0.581090
78.758	0.580979
78.790	0.580867
78.824	0.580755
78.857	0.580642
78.892	0.580527
78.925	0.580411
78.957	0.580294
78.991	0.580174
79.025	0.580052
79.059	0.579929
79.091	0.579806
79.125	0.579683
79.158	0.579559
79.191	0.579434
79.224	0.579309
79.257	0.579183
79.292	0.579056
79.325	0.578928
79.358	0.578799
79.391	0.578670
79.424	0.578539
79.459	0.578410
79.492	0.578278
79.525	0.578145
79.558	0.578010
79.592	0.577874
79.625	0.577739
79.658	0.577602
79.692	0.577464
79.726	0.577326
79.758	0.577189
79.792	0.577050
79.826	0.576912
79.859	0.576774
79.892	0.576635
79.926	0.576496
79.960	0.576358
79.993	0.576217
80.026	0.576076
80.059	0.575934
80.093	0.575792
80.126	0.575648
80.159	0.575503
80.193	0.575358
80.226	0.575213
80.259	0.575066
80.294	0.574918
80.326	0.574769
80.360	0.574608
80.393	0.574442
80.425	0.574277
80.461	0.574098
80.494	0.573914
80.526	0.573730
80.561	0.573557
80.593	0.573392
80.627	0.573234
80.659	0.573077
80.694	0.572917
80.727	0.572754
80.761	0.572591
80.794	0.572422
80.827	0.572250
80.861	0.572074
80.894	0.571893
80.927	0.571710
80.961	0.571522
80.994	0.571333
81.027	0.571148
81.061	0.570961
81.095	0.570775
81.127	0.570585
81.160	0.570390
81.194	0.570179
81.227	0.569961
81.261	0.569744
81.294	0.569528
81.328	0.569319
81.361	0.569109
81.395	0.568891
81.427	0.568684
81.460	0.568474
81.496	0.568246
81.528	0.568006
81.561	0.567782
81.595	0.567568
81.629	0.567361
81.661	0.567131
81.695	0.566890
81.728	0.566653
81.762	0.566427
81.795	0.566186
81.830	0.565946
81.863	0.565700
81.895	0.565452
81.928	0.565207
81.963	0.564927
81.996	0.564626
82.029	0.564311
82.063	0.564013
82.096	0.563732
82.129	0.563414
82.163	0.563094
82.196	0.562781
82.230	0.562444
82.263	0.562092
82.295	0.561747
82.330	0.561414
82.364	0.561068
82.396	0.560683
82.429	0.560220
82.464	0.559801
82.496	0.559395
82.531	0.558979
82.563	0.558596
82.597	0.558212
82.629	0.557804
82.664	0.557376
82.698	0.556946
82.730	0.556523
82.764	0.556076
82.797	0.555628
82.831	0.555142
82.865	0.554659
82.897	0.554174
82.931	0.553605
82.964	0.553058
82.998	0.552549
83.032	0.552022
83.064	0.551430
83.098	0.550758
83.132	0.550118
83.165	0.549555
83.199	0.548979
83.233	0.548238
83.266	0.547520
83.299	0.546829
83.332	0.546165
83.366	0.545508
83.399	0.544827
83.433	0.544148
83.466	0.543432
83.499	0.542731
83.534	0.542053
83.568	0.541388
83.600	0.540655
83.634	0.539870
83.667	0.539010
83.700	0.538189
83.734	0.537284
83.768	0.536395
83.800	0.535544
83.834	0.534678
83.868	0.533777
83.901	0.532844
83.935	0.532006
83.968	0.531147
84.003	0.530242
84.035	0.529250
84.069	0.528337
84.102	0.527456
84.137	0.526520
84.170	0.525620
84.203	0.524695
84.236	0.523726
84.271	0.522750
84.304	0.521681
84.336	0.520659
84.371	0.519568
84.405	0.518485
84.438	0.517270
84.472	0.516219
84.506	0.515038
84.539	0.513826
84.572	0.512585
84.606	0.511408
84.640	0.510144
84.672	0.508800
84.707	0.507482
84.741	0.506234
84.773	0.504879
84.808	0.503460
84.840	0.502114
84.875	0.500740
84.908	0.499307
84.941	0.497806
84.976	0.496257
85.009	0.494813
85.043	0.493155
85.077	0.491618
85.111	0.489999
85.144	0.488291
85.178	0.486673
85.212	0.485065
85.246	0.483297
85.279	0.481386
85.313	0.479420
85.346	0.477562
85.380	0.475818
85.413	0.473955
85.447	0.471965
85.480	0.469680
85.516	0.467529
85.550	0.465397
85.583	0.463419
85.616	0.461384
85.651	0.458910
85.684	0.456618
85.717	0.454379
85.751	0.451933
85.786	0.449703
85.820	0.447017
85.854	0.444257
85.888	0.441554
85.922	0.439065
85.955	0.436454
85.989	0.433455
86.023	0.430939
86.058	0.427922
86.092	0.425069
86.125	0.422131
86.159	0.419072
86.193	0.416135
86.227	0.413140
86.261	0.409782
86.296	0.406284
86.330	0.403190
86.363	0.399792
86.398	0.396015
86.432	0.392327
86.465	0.388811
86.500	0.385157
86.534	0.381201
86.569	0.377376
86.603	0.373643
86.637	0.369647
86.671	0.365325
86.705	0.361061
86.741	0.357004
86.774	0.352600
86.808	0.348118
86.843	0.343512
86.877	0.339066
86.911	0.334201
86.945	0.329278
86.980	0.324517
87.015	0.319543
87.049	0.314530
87.084	0.309202
87.118	0.303737
87.152	0.298575
87.187	0.293243
87.222	0.287540
87.256	0.281581
87.292	0.276062
87.324	0.270134
87.361	0.263984
87.395	0.257931
87.430	0.251750
87.464	0.245317
87.499	0.238931
87.534	0.232507
87.568	0.225682
87.603	0.218919
87.639	0.211949
87.673	0.205074
87.708	0.197654
87.743	0.190502
87.777	0.183249
87.813	0.175728
87.849	0.168148
87.884	0.160510
87.919	0.152513
87.953	0.144597
87.989	0.136471
88.024	0.128522
88.059	0.120016
88.094	0.111387
88.130	0.103210
88.164	0.094594
88.199	0.085635
88.235	0.076737
88.270	0.067888
88.306	0.058813
88.341	0.049523
88.375	0.040042
88.411	0.030511
88.446	0.021175
88.483	0.011280
88.518	0.001706
88.553	-0.008287
88.589	-0.018099
88.624	-0.027881
88.660	-0.038189
88.695	-0.048368
88.731	-0.058534
88.766	-0.068736
88.802	-0.079227
88.837	-0.089408
88.874	-0.099874
88.909	-0.110438
88.945	-0.121104
88.981	-0.131812
89.015	-0.142487
89.052	-0.152902
89.086	-0.163709
89.122	-0.174480
89.158	-0.185153
89.194	-0.195939
89.229	-0.206650
89.266	-0.217216
89.301	-0.228341
89.336	-0.239140
89.372	-0.249589
89.407	-0.260143
89.443	-0.270597
89.479	-0.281048
89.515	-0.291320
89.550	-0.301476
89.586	-0.311834
89.622	-0.321870
89.657	-0.331809
89.692	-0.341799
89.728	-0.351177
89.763	-0.360826
89.799	-0.370069
89.834	-0.379425
89.869	-0.388450
89.905	-0.397282
89.939	-0.405530
89.974	-0.413821
90.010	-0.421949
90.045	-0.429715
90.080	-0.437618
90.115	-0.444777
90.150	-0.451730
90.184	-0.458463
90.219	-0.464991
90.254	-0.470975
90.289	-0.476768
90.323	-0.482006
90.358	-0.487037
90.392	-0.491775
90.426	-0.496028
90.460	-0.500020
90.493	-0.503502
90.527	-0.506837
90.562	-0.509486
90.596	-0.511826
90.630	-0.513905
90.664	-0.515626
90.697	-0.516531
90.731	-0.517304
90.764	-0.517812
90.796	-0.517394
90.831	-0.516828
90.864	-0.515845
90.896	-0.514254
90.929	-0.512199
90.963	-0.510011
90.995	-0.507047
91.028	-0.504031
91.060	-0.500419
91.092	-0.496435
91.124	-0.491969
91.157	-0.486953
91.189	-0.481762
91.221	-0.476125
91.253	-0.469967
91.286	-0.463587
91.318	-0.456687
91.349	-0.449530
91.381	-0.441939
91.413	-0.434196
91.444	-0.425902
91.475	-0.417250
91.507	-0.408567
91.538	-0.399604
91.569	-0.390031
91.599	-0.380119
91.632	-0.370174
91.663	-0.360161
91.693	-0.349862
91.724	-0.339035
91.756	-0.328329
91.787	-0.317420
91.817	-0.306002
91.848	-0.294507
91.879	-0.283096
91.910	-0.271332
91.941	-0.259705
91.971	-0.247883
92.002	-0.235869
92.033	-0.223726
92.063	-0.211631
92.093	-0.199457
92.125	-0.187250
92.155	-0.174997
92.186	-0.162841
92.217	-0.150736
92.247	-0.138438
92.277	-0.126341
92.309	-0.114355
92.339	-0.101890
92.370	-0.090150
92.401	-0.078139
92.431	-0.066079
92.462	-0.054128
92.493	-0.042337
92.523	-0.030923
92.554	-0.019287
92.585	-0.007850
92.616	0.003515
92.647	0.014745
92.678	0.025766
92.709	0.036729
92.740	0.047616
92.770	0.058140
92.802	0.068731
92.833	0.079074
92.864	0.089234
92.896	0.099300
92.926	0.109277
92.959	0.118887
92.989	0.128660
93.021	0.137929
93.053	0.147163
93.083	0.156158
93.115	0.165101
93.145	0.173996
93.177	0.182648
93.209	0.190764
93.240	0.199083
93.271	0.207212
93.305	0.214987
93.335	0.222839
93.367	0.230217
93.399	0.237748
93.430	0.244832
93.462	0.251930
93.494	0.258896
93.526	0.265838
93.557	0.272301
93.589	0.278535
93.621	0.284901
93.652	0.291308
93.685	0.297086
93.717	0.303094
93.750	0.308744
93.781	0.314229
93.815	0.319650
93.847	0.324645
93.879	0.330304
93.910	0.335232
93.944	0.340158
93.975	0.345125
94.007	0.349757
94.039	0.354177
94.072	0.358588
94.105	0.363050
94.138	0.367526
94.169	0.371489
94.202	0.375246
94.235	0.379212
94.267	0.382902
94.300	0.386779
94.333	0.390184
94.364	0.393562
94.397	0.397110
94.430	0.400221
94.462	0.403583
94.495	0.406996
94.528	0.409849
94.561	0.412930
94.594	0.415705
94.626	0.418376
94.659	0.421017
94.690	0.423828
94.724	0.426582
94.757	0.429134
94.791	0.431640
94.823	0.433836
94.857	0.436229
94.889	0.438522
94.921	0.440766
94.954	0.442987
94.988	0.445010
95.020	0.447162
95.053	0.449011
95.086	0.450967
95.119	0.453060
95.152	0.454898
95.185	0.456527
95.217	0.458353
95.251	0.459922
95.285	0.461525
95.317	0.462984
95.349	0.464456
95.383	0.466351
95.415	0.467432
95.449	0.468822
95.481	0.470217
95.514	0.471579
95.548	0.472676
95.581	0.474023
95.614	0.475432
95.647	0.476514
95.680	0.477645
95.714	0.478814
95.746	0.479760
95.780	0.480834
95.812	0.482015
95.846	0.483139
95.879	0.484183
95.912	0.485074
95.946	0.485947
95.978	0.487005
96.011	0.487789
96.044	0.488610
96.078	0.489514
96.111	0.490308
96.144	0.491162
96.176	0.491928
96.211	0.492713
96.244	0.493404
96.276	0.494075
96.309	0.494773
96.343	0.495479
96.376	0.496140
96.409	0.496729
96.442	0.497378
96.475	0.497949
96.508	0.498555
96.541	0.499090
96.575	0.499698
96.608	0.500275
96.641	0.500852
96.674	0.501389
96.707	0.501889
96.741	0.502361
96.774	0.502814
96.807	0.503302
96.841	0.503805
96.874	0.504332
96.907	0.504823
96.940	0.505235
96.975	0.505650
97.005	0.506134
97.041	0.506533
97.073	0.506991
97.107	0.507378
97.139	0.507723
97.172	0.508092
97.207	0.508413
97.240	0.508810
97.272	0.509170
97.305	0.509498
97.339	0.509810
97.373	0.510102
97.406	0.510367
97.439	0.510646
97.472	0.510883
97.505	0.511146
97.539	0.511459
97.572	0.511735
97.605	0.511996
97.639	0.512254
97.672	0.512502
97.705	0.512729
97.737	0.512980
97.771	0.513251
97.804	0.513537
97.837	0.513790
97.871	0.514021
97.904	0.514236
97.937	0.514452
97.971	0.514660
98.004	0.514858
98.038	0.515061
98.071	0.515278
98.104	0.515490
98.138	0.515692
98.171	0.515888
98.204	0.516078
98.237	0.516256
98.270	0.516434
98.303	0.516592
98.336	0.516736
98.370	0.516885
98.403	0.517036
98.437	0.517173
98.472	0.517319
98.503	0.517461
98.537	0.517606
98.569	0.517742
98.602	0.517863
98.636	0.517985
98.670	0.518115
98.702	0.518243
98.736	0.518377
98.770	0.518513
98.803	0.518642
98.837	0.518760
98.870	0.518866
98.903	0.518968
98.936	0.519066
98.970	0.519169
99.002	0.519273
99.035	0.519378
99.070	0.519486
99.102	0.519592
99.136	0.519703
99.168	0.519818
99.203	0.519931
99.235	0.520041
99.269	0.520151
99.302	0.520262
99.336	0.520373
99.370	0.520483
99.403	0.520594
99.436	0.520707
99.469	0.520819
99.503	0.520931
99.535	0.521044
99.570	0.521157
99.603	0.521270
99.635	0.521384
99.668	0.521498
99.702	0.521613
99.735	0.521728
99.769	0.521844
99.802	0.521960
99.835	0.522077
99.869	0.522195
99.902	0.522312
99.935	0.522429
99.969	0.522545
100.001	0.522661
100.034	0.522777
100.068	0.522894
100.103	0.523012
100.135	0.523129
100.169	0.523247
100.201	0.523365
100.235	0.523483
100.268	0.523601
100.302	0.523720
100.335	0.523838
100.369	0.523957
100.402	0.524076
100.435	0.524195
100.468	0.524313
100.502	0.524431
100.535	0.524549
100.569	0.524667
100.602	0.524785
100.635	0.524902
100.669	0.525019
100.702	0.525135
100.734	0.525251
100.768	0.525367
100.802	0.525482
100.835	0.525597
100.868	0.525711
100.902	0.525824
100.935	0.525937
100.969	0.526051
101.000	0.526164
101.034	0.526277
101.066	0.526390
101.102	0.526503
101.134	0.526615
101.168	0.526727
101.201	0.526837
101.233	0.526948
101.266	0.527057
101.300	0.527165
101.332	0.527274
101.366	0.527383
101.400	0.527491
101.433	0.527598
101.467	0.527706
101.500	0.527813
101.533	0.527920
101.567	0.528029
101.601	0.528138
101.634	0.528248
101.667	0.528358
101.701	0.528469
101.734	0.528578
101.767	0.528688
101.801	0.528798
101.834	0.528907
101.867	0.529017
101.900	0.529127
101.934	0.529237
101.968	0.529348
102.000	0.529459
102.034	0.529570
102.067	0.529679
102.101	0.529789
102.134	0.529897
102.166	0.530005
102.201	0.530111
102.234	0.530218
102.267	0.530323
102.301	0.530428
102.334	0.530532
102.367	0.530636
102.401	0.530739
102.433	0.530841
102.467	0.530943
102.500	0.531045
102.534	0.531145
102.567	0.531245
102.600	0.531344
102.634	0.531443
102.666	0.531541
102.700	0.531639
102.733	0.531736
102.767	0.531833
102.800	0.531929
102.833	0.532026
102.867	0.532122
102.900	0.532218
102.934	0.532313
102.966	0.532408
102.999	0.532503
103.034	0.532597
103.067	0.532690
103.101	0.532783
103.134	0.532875
103.166	0.532966
103.201	0.533057
103.235	0.533150
103.266	0.533241
103.300	0.533333
103.334	0.533424
103.367	0.533514
103.400	0.533603
103.434	0.533692
103.468	0.533780
103.500	0.533868
103.533	0.533955
103.567	0.534041
103.600	0.534128
103.633	0.534215
103.666	0.534300
103.700	0.534385
103.734	0.534470
103.767	0.534554
103.800	0.534638
103.833	0.534721
103.866	0.534804
103.901	0.534886
103.934	0.534968
103.968	0.535050
104.000	0.535131
104.034	0.535212
104.066	0.535294
104.101	0.535375
104.133	0.535456
104.166	0.535536
104.200	0.535617
104.234	0.535697
104.267	0.535776
104.300	0.535855
104.333	0.535933
104.367	0.536010
104.400	0.536088
104.434	0.536165
104.467	0.536241
104.499	0.536318
104.533	0.536393
104.567	0.536468
104.599	0.536543
104.633	0.536617
104.666	0.536691
104.700	0.536764
104.733	0.536837
104.767	0.536910
104.800	0.536983
104.833	0.537055
104.867	0.537126
104.900	0.537198
104.934	0.537269
104.967	0.537340
105.001	0.537411
105.033	0.537481
105.067	0.537551
105.100	0.537621
105.134	0.537691
105.166	0.537761
105.200	0.537831
105.234	0.537900
105.267	0.537969
105.300	0.538037
105.334	0.538105
105.366	0.538173
105.400	0.538241
105.434	0.538308
105.466	0.538375
105.501	0.538442
105.534	0.538508
105.566	0.538574
105.600	0.538640
105.634	0.538706
105.666	0.538771
105.700	0.538836
105.733	0.538901
105.767	0.538965
105.800	0.539030
105.832	0.539094
105.867	0.539158
105.900	0.539222
105.934	0.539285
105.967	0.539349
106.000	0.539412
106.034	0.539475
106.066	0.539538
106.100	0.539601
106.135	0.539664
106.166	0.539726
106.200	0.539789
106.234	0.539852
106.267	0.539914
106.301	0.539976
106.334	0.540038
106.368	0.540100
106.400	0.540162
106.433	0.540224
106.467	0.540286
106.500	0.540347
106.533	0.540408
106.566	0.540469
106.600	0.540530
106.632	0.540590
106.665	0.540651
106.699	0.540710
106.733	0.540770
106.766	0.540830
106.800	0.540889
106.833	0.540948
106.866	0.541007
106.899	0.541065
106.933	0.541124
106.966	0.541182
106.999	0.541241
107.032	0.541300
107.067	0.541360
107.101	0.541419
107.133	0.541478
107.165	0.541538
107.200	0.541597
107.233	0.541655
107.266	0.541714
107.300	0.541772
107.332	0.541830
107.367	0.541889
107.400	0.541947
107.433	0.542006
107.465	0.542064
107.499	0.542122
107.534	0.542180
107.566	0.542239
107.599	0.542296
107.634	0.542354
107.666	0.542412
107.700	0.542470
107.733	0.542528
107.767	0.542586
107.799	0.542643
107.832	0.542700
107.866	0.542757
107.899	0.542814
107.933	0.542870
107.966	0.542926
108.000	0.542983
108.034	0.543039
108.066	0.543095
108.100	0.543150
108.134	0.543206
108.166	0.543261
108.200	0.543317
108.232	0.543372
108.266	0.543427
108.299	0.543482
108.332	0.543538
108.365	0.543593
108.398	0.543647
108.432	0.543702
108.466	0.543756
108.499	0.543811
108.532	0.543866
108.565	0.543920
108.599	0.543974
108.632	0.544027
108.666	0.544081
108.700	0.544135
108.733	0.544188
108.767	0.544242
108.800	0.544295
108.834	0.544348
108.865	0.544401
108.899	0.544454
108.933	0.544507
108.966	0.544559
108.999	0.544612
109.033	0.544665
109.066	0.544717
109.099	0.544769
109.132	0.544821
109.166	0.544873
109.200	0.544925
109.233	0.544976
109.265	0.545028
109.299	0.545080
109.332	0.545131
109.367	0.545182
109.399	0.545234
109.432	0.545284
109.466	0.545335
109.499	0.545386
109.532	0.545436
109.566	0.545487
109.599	0.545537
109.633	0.545587
109.666	0.545637
109.699	0.545687
109.732	0.545737
109.766	0.545787
109.800	0.545837
109.832	0.545887
109.865	0.545937
109.900	0.545987
109.933	0.546037
109.966	0.546087
109.998	0.546136
110.032	0.546186
110.067	0.546235
110.098	0.546285
110.132	0.546334
110.165	0.546383
110.199	0.546432
110.232	0.546481
110.265	0.546530
110.300	0.546579
110.333	0.546627
110.367	0.546676
110.399	0.546724
110.432	0.546772
110.466	0.546821
110.499	0.546869
110.533	0.546917
110.566	0.546964
110.599	0.547013
110.632	0.547060
110.666	0.547108
110.699	0.547156
110.732	0.547204
110.766	0.547252
110.798	0.547300
110.833	0.547347
110.866	0.547395
110.899	0.547442
110.933	0.547489
110.965	0.547536
110.999	0.547584
111.033	0.547631
111.066	0.547678
111.099	0.547725
111.133	0.547772
111.166	0.547819
111.198	0.547866
111.232	0.547913
111.266	0.547960
111.300	0.548006
111.332	0.548053
111.366	0.548099
111.399	0.548146
111.432	0.548192
111.466	0.548238
111.499	0.548284
111.532	0.548331
111.566	0.548377
111.600	0.548423
111.631	0.548469
111.665	0.548515
111.699	0.548560
111.733	0.548606
111.766	0.548651
111.798	0.548697
111.832	0.548743
111.867	0.548788
111.900	0.548833
111.932	0.548879
111.966	0.548924
111.999	0.548969
112.032	0.549014
112.065	0.549060
112.099	0.549104
112.132	0.549149
112.165	0.549194
112.199	0.549239
112.233	0.549284
112.265	0.549328
112.299	0.549373
112.332	0.549417
112.365	0.549462
112.399	0.549506
112.433	0.549550
112.466	0.549594
112.499	0.549638
112.533	0.549682
112.566	0.549726
112.599	0.549770
112.632	0.549814
112.666	0.549857
112.700	0.549901
112.732	0.549944
112.765	0.549988
112.799	0.550032
112.833	0.550075
112.865	0.550118
112.899	0.550162
112.932	0.550205
112.965	0.550248
112.999	0.550291
113.032	0.550334
113.065	0.550377
113.099	0.550420
113.132	0.550462
113.165	0.550505
113.198	0.550547
113.231	0.550590
113.265	0.550632
113.298	0.550674
113.332	0.550717
113.366	0.550759
113.398	0.550801
113.431	0.550842
113.465	0.550884
113.499	0.550926
113.532	0.550967
113.566	0.551009
113.599	0.551050
113.633	0.551092
113.666	0.551134
113.700	0.551175
113.732	0.551216
113.765	0.551258
113.798	0.551299
113.832	0.551341
113.866	0.551382
113.898	0.551423
113.931	0.551464
113.965	0.551505
113.998	0.551546
114.033	0.551586
114.064	0.551627
114.098	0.551668
114.132	0.551708
114.165	0.551749
114.198	0.551789
114.231	0.551829
114.266	0.551870
114.299	0.551910
114.332	0.551949
114.366	0.551989
114.398	0.552029
114.431	0.552069
114.464	0.552109
114.498	0.552149
114.532	0.552188
114.565	0.552227
114.598	0.552268
114.631	0.552307
114.665	0.552346
114.698	0.552386
114.733	0.552426
114.765	0.552465
114.799	0.552504
114.832	0.552543
114.865	0.552582
114.898	0.552622
114.931	0.552661
114.964	0.552700
114.998	0.552739
115.031	0.552778
115.065	0.552817
115.099	0.552856
115.132	0.552894
115.164	0.552933
115.199	0.552972
115.232	0.553011
115.266	0.553050
115.299	0.553088
115.331	0.553127
115.365	0.553165
115.399	0.553204
115.431	0.553242
115.465	0.553281
115.498	0.553319
115.532	0.553357
115.566	0.553396
115.598	0.553434
115.632	0.553472
115.665	0.553509
115.698	0.553547
115.731	0.553585
115.766	0.553623
115.798	0.553661
115.832	0.553698
115.865	0.553736
115.898	0.553774
115.932	0.553812
115.965	0.553849
115.998	0.553886
116.032	0.553924
116.065	0.553961
116.098	0.553998
116.132	0.554036
116.165	0.554072
116.198	0.554110
116.231	0.554146
116.265	0.554183
116.299	0.554220
116.331	0.554257
116.365	0.554293
116.398	0.554330
116.432	0.554367
116.464	0.554404
116.499	0.554440
116.531	0.554477
116.565	0.554513
116.599	0.554550
116.631	0.554586
116.665	0.554622
116.699	0.554658
116.732	0.554694
116.766	0.554731
116.799	0.554767
116.832	0.554802
116.865	0.554839
116.899	0.554874
116.931	0.554910
116.964	0.554945
116.997	0.554981
117.031	0.555016
117.064	0.555052
117.098	0.555087
117.132	0.555122
117.164	0.555157
117.198	0.555192
117.231	0.555226
117.265	0.555261
117.298	0.555296
117.331	0.555330
117.364	0.555365
117.398	0.555399
117.430	0.555433
117.465	0.555468
117.499	0.555502
117.532	0.555536
117.564	0.555570
117.598	0.555604
117.632	0.555639
117.665	0.555673
117.698	0.555707
117.731	0.555741
117.765	0.555774
117.798	0.555809
117.831	0.555843
117.865	0.555876
117.898	0.555910
117.932	0.555944
117.965	0.555978
117.998	0.556011
118.032	0.556045
118.065	0.556078
118.098	0.556111
118.131	0.556145
118.165	0.556178
118.198	0.556211
118.231	0.556244
118.265	0.556277
118.297	0.556310
118.331	0.556342
118.364	0.556375
118.398	0.556408
118.430	0.556440
118.465	0.556472
118.498	0.556504
118.532	0.556537
118.564	0.556569
118.598	0.556601
118.632	0.556633
118.665	0.556665
118.698	0.556697
118.731	0.556728
118.765	0.556760
118.798	0.556792
118.831	0.556824
118.865	0.556855
118.898	0.556887
118.931	0.556919
118.964	0.556950
118.998	0.556982
119.032	0.557013
119.065	0.557044
119.098	0.557075
119.131	0.557106
119.164	0.557138
119.198	0.557168
119.232	0.557199
119.265	0.557230
119.297	0.557261
119.331	0.557292
119.364	0.557323
119.398	0.557353
119.431	0.557384
119.463	0.557415
119.499	0.557445
119.531	0.557476
119.564	0.557505
119.598	0.557536
119.631	0.557566
119.664	0.557596
119.698	0.557627
119.732	0.557656
119.765	0.557686
119.798	0.557716
119.831	0.557747
119.865	0.557777
119.898	0.557806
119.931	0.557836
119.965	0.557866
119.997	0.557895
120.031	0.557925
120.065	0.557955
120.098	0.557985
120.132	0.558014
120.165	0.558044
120.198	0.558074
120.232	0.558103
120.265	0.558133
120.298	0.558163
120.332	0.558192
120.364	0.558222
120.397	0.558252
120.431	0.558281
120.465	0.558311
120.499	0.558340
120.531	0.558369
120.564	0.558399
120.597	0.558428
120.630	0.558458
120.664	0.558487
120.697	0.558516
120.730	0.558546
120.764	0.558575
120.798	0.558604
120.831	0.558633
120.864	0.558662
120.897	0.558691
120.930	0.558720
120.964	0.558749
120.997	0.558778
121.031	0.558807
121.064	0.558836
121.098	0.558865
121.131	0.558894
121.164	0.558923
121.197	0.558952
121.231	0.558981
121.264	0.559010
121.297	0.559040
121.330	0.559068
121.364	0.559098
121.398	0.559126
121.431	0.559155
121.463	0.559184
121.497	0.559213
121.531	0.559242
121.564	0.559272
121.598	0.559300
121.630	0.559330
121.663	0.559358
121.698	0.559388
121.731	0.559416
121.763	0.559446
121.797	0.559475
121.832	0.559504
121.864	0.559533
121.897	0.559562
121.930	0.559591
121.964	0.559620
121.997	0.559648
122.030	0.559678
122.064	0.559706
122.097	0.559736
122.131	0.559764
122.163	0.559794
122.197	0.559823
122.229	0.559852
122.264	0.559881
122.297	0.559910
122.330	0.559940
122.364	0.559969
122.397	0.559998
122.430	0.560027
122.464	0.560056
122.497	0.560086
122.531	0.560115
122.564	0.560144
122.598	0.560173
122.630	0.560203
122.664	0.560232
122.698	0.560261
122.731	0.560291
122.764	0.560321
122.797	0.560350
122.830	0.560380
122.864	0.560410
122.897	0.560439
122.931	0.560469
122.964	0.560499
122.997	0.560528
123.031	0.560558
123.064	0.560588
123.097	0.560617
123.130	0.560647
123.164	0.560677
123.197	0.560707
123.231	0.560736
123.264	0.560766
123.297	0.560797
123.331	0.560826
123.363	0.560856
123.398	0.560886
123.431	0.560916
123.464	0.560946
123.497	0.560976
123.531	0.561006
123.565	0.561036
123.597	0.561066
123.631	0.561096
123.664	0.561126
123.697	0.561156
123.731	0.561186
123.763	0.561216
123.798	0.561246
123.830	0.561276
123.865	0.561307
123.897	0.561337
123.931	0.561366
123.964	0.561397
123.997	0.561427
124.031	0.561457
124.063	0.561487
124.097	0.561517
124.131	0.561547
124.164	0.561577
124.197	0.561608
124.231	0.561638
124.264	0.561668
124.297	0.561698
124.330	0.561728
124.363	0.561759
124.397	0.561789
124.430	0.561819
124.463	0.561849
124.497	0.561879
124.530	0.561909
124.563	0.561939
124.598	0.561969
124.631	0.561999
124.663	0.562029
124.697	0.562059
124.731	0.562089
124.764	0.562119
124.798	0.562149
124.831	0.562180
124.863	0.562210
124.897	0.562240
124.930	0.562271
124.964	0.562301
124.997	0.562331
125.030	0.562362
125.063	0.562392
125.097	0.562423
125.130	0.562453
125.164	0.562484
125.198	0.562515
125.230	0.562545
125.263	0.562576
125.297	0.562607
125.330	0.562637
125.363	0.562668
125.397	0.562699
125.430	0.562730
125.463	0.562761
125.496	0.562792
125.530	0.562823
125.563	0.562853
125.597	0.562884
125.630	0.562915
125.664	0.562946
125.696	0.562977
125.730	0.563008
125.763	0.563039
125.796	0.563070
125.830	0.563101
125.863	0.563132
125.897	0.563163
125.929	0.563194
125.963	0.563225
125.997	0.563256
126.030	0.563288
126.063	0.563319
126.097	0.563350
126.130	0.563381
126.164	0.563412
126.197	0.563444
126.230	0.563475
126.264	0.563507
126.296	0.563538
126.330	0.563569
126.363	0.563601
126.397	0.563632
126.429	0.563664
126.462	0.563696
126.497	0.563728
126.530	0.563759
126.563	0.563791
126.597	0.563823
126.630	0.563854
126.664	0.563886
126.697	0.563918
126.730	0.563950
126.763	0.563982
126.797	0.564014
126.830	0.564046
126.863	0.564078
126.896	0.564110
126.929	0.564141
126.963	0.564173
126.996	0.564206
127.030	0.564237
127.064	0.564269
127.096	0.564302
127.130	0.564334
127.163	0.564365
127.197	0.564397
127.229	0.564430
127.262	0.564461
127.297	0.564493
127.329	0.564526
127.363	0.564558
127.396	0.564589
127.431	0.564621
127.463	0.564654
127.496	0.564685
127.530	0.564717
127.563	0.564750
127.597	0.564782
127.629	0.564814
127.663	0.564846
127.697	0.564878
127.729	0.564910
127.763	0.564943
127.796	0.564975
127.829	0.565007
127.863	0.565039
127.897	0.565071
127.931	0.565104
127.963	0.565136
127.997	0.565168
128.030	0.565201
128.062	0.565233
128.096	0.565265
128.130	0.565298
128.162	0.565330
128.196	0.565362
128.229	0.565395
128.263	0.565427
128.297	0.565460
128.330	0.565492
128.363	0.565524
128.397	0.565557
128.429	0.565589
128.463	0.565621
128.497	0.565654
128.529	0.565686
128.563	0.565719
128.597	0.565751
128.630	0.565784
128.663	0.565816
128.696	0.565849
128.730	0.565882
128.763	0.565914
128.796	0.565947
128.829	0.565979
128.863	0.566012
128.897	0.566045
128.930	0.566078
128.963	0.566110
128.996	0.566142
129.029	0.566175
129.063	0.566207
129.096	0.566240
129.130	0.566272
129.163	0.566305
129.197	0.566338
129.229	0.566370
129.263	0.566403
129.295	0.566435
129.330	0.566468
129.363	0.566500
129.396	0.566533
129.429	0.566566
129.463	0.566599
129.497	0.566631
129.530	0.566664
129.563	0.566697
129.595	0.566729
129.631	0.566762
129.663	0.566794
129.696	0.566827
129.730	0.566859
129.764	0.566892
129.797	0.566925
129.830	0.566958
129.863	0.566990
129.896	0.567023
129.930	0.567055
129.963	0.567088
129.996	0.567121
130.030	0.567153
130.063	0.567186
130.096	0.567219
130.129	0.567252
130.163	0.567285
130.195	0.567318
130.230	0.567350
130.263	0.567384
130.297	0.567417
130.330	0.567450
130.363	0.567483
130.397	0.567516
130.430	0.567549
130.463	0.567582
130.496	0.567615
130.530	0.567648
130.563	0.567681
130.598	0.567714
130.630	0.567747
130.664	0.567780
130.697	0.567813
130.730	0.567847
130.762	0.567880
130.798	0.567913
130.830	0.567947
130.864	0.567980
130.897	0.568013
130.930	0.568047
130.963	0.568080
130.997	0.568114
131.029	0.568147
131.063	0.568180
131.096	0.568214
131.129	0.568247
131.163	0.568280
131.196	0.568314
131.230	0.568347
131.263	0.568380
131.296	0.568413
131.329	0.568446
131.362	0.568480
131.396	0.568513
131.429	0.568546
131.463	0.568579
131.496	0.568612
131.529	0.568646
131.563	0.568679
131.597	0.568712
131.630	0.568745
131.662	0.568778
131.696	0.568812
131.729	0.568845
131.763	0.568878
131.796	0.568912
131.830	0.568945
131.864	0.568979
131.897	0.569012
131.930	0.569045
131.963	0.569079
131.996	0.569113
132.029	0.569146
132.063	0.569180
132.096	0.569214
132.130	0.569247
132.163	0.569281
132.196	0.569314
132.230	0.569348
132.263	0.569382
132.296	0.569415
132.330	0.569449
132.362	0.569483
132.396	0.569516
132.430	0.569550
132.463	0.569584
132.496	0.569618
132.529	0.569652
132.563	0.569686
132.597	0.569720
132.630	0.569754
132.663	0.569788
132.696	0.569822
132.730	0.569856
132.763	0.569890
132.796	0.569924
132.829	0.569959
132.863	0.569993
132.896	0.570028
132.929	0.570062
132.962	0.570096
132.996	0.570130
133.030	0.570165
133.063	0.570199
133.096	0.570234
133.129	0.570268
133.162	0.570303
133.196	0.570338
133.230	0.570372
133.263	0.570407
133.296	0.570441
133.330	0.570476
133.363	0.570510
133.396	0.570545
133.430	0.570579
133.462	0.570614
133.495	0.570649
133.530	0.570683
133.563	0.570718
133.596	0.570752
133.630	0.570787
133.663	0.570822
133.697	0.570856
133.730	0.570891
133.763	0.570926
133.797	0.570960
133.830	0.570995
133.863	0.571030
133.898	0.571065
133.929	0.571100
133.963	0.571135
133.996	0.571169
134.030	0.571205
134.063	0.571240
134.097	0.571275
134.130	0.571309
134.163	0.571344
134.197	0.571379
134.230	0.571414
134.263	0.571449
134.296	0.571484
134.329	0.571519
134.363	0.571554
134.396	0.571589
134.430	0.571624
134.463	0.571659
134.496	0.571694
134.530	0.571729
134.563	0.571764
134.596	0.571799
134.630	0.571833
134.662	0.571869
134.697	0.571904
134.730	0.571939
134.763	0.571974
134.797	0.572008
134.829	0.572043
134.862	0.572078
134.896	0.572113
134.930	0.572147
134.962	0.572182
134.997	0.572217
135.029	0.572252
135.062	0.572286
135.097	0.572321
135.130	0.572355
135.162	0.572390
135.196	0.572425
135.230	0.572460
135.262	0.572494
135.296	0.572529
135.329	0.572564
135.362	0.572599
135.395	0.572633
135.430	0.572668
135.462	0.572703
135.496	0.572737
135.529	0.572772
135.563	0.572806
135.596	0.572841
135.629	0.572875
135.663	0.572910
135.696	0.572944
135.729	0.572979
135.763	0.573013
135.796	0.573048
135.829	0.573083
135.863	0.573117
135.895	0.573152
135.930	0.573186
135.963	0.573221
135.996	0.573256
136.030	0.573290
136.063	0.573325
136.096	0.573359
136.129	0.573394
136.163	0.573429
136.195	0.573463
136.229	0.573497
136.263	0.573532
136.297	0.573567
136.329	0.573601
136.362	0.573636
136.395	0.573671
136.429	0.573705
136.462	0.573740
136.496	0.573774
136.530	0.573809
136.563	0.573844
136.596	0.573878
136.629	0.573913
136.663	0.573948
136.697	0.573982
136.730	0.574017
136.763	0.574052
136.795	0.574086
136.829	0.574121
136.863	0.574155
136.896	0.574190
136.929	0.574224
136.963	0.574259
136.996	0.574293
137.030	0.574327
137.062	0.574362
137.096	0.574396
137.129	0.574430
137.162	0.574465
137.196	0.574499
137.229	0.574533
137.263	0.574567
137.296	0.574601
137.329	0.574635
137.362	0.574669
137.395	0.574703
137.429	0.574737
137.462	0.574771
137.495	0.574805
137.529	0.574839
137.562	0.574873
137.595	0.574906
137.628	0.574940
137.662	0.574975
137.695	0.575008
137.729	0.575042
137.762	0.575076
137.796	0.575110
137.829	0.575144
137.862	0.575177
137.896	0.575211
137.927	0.575245
137.961	0.575279
137.995	0.575312
138.028	0.575346
138.061	0.575380
138.096	0.575414
138.128	0.575448
138.162	0.575481
138.195	0.575515
138.229	0.575549
138.262	0.575583
138.296	0.575617
138.329	0.575650
138.361	0.575684
138.396	0.575718
138.429	0.575752
138.462	0.575786
138.495	0.575820
138.528	0.575854
138.562	0.575888
138.595	0.575922
138.628	0.575956
138.661	0.575990
138.694	0.576025
138.728	0.576059
138.761	0.576093
138.795	0.576127
138.828	0.576161
138.862	0.576195
138.894	0.576230
138.928	0.576264
138.961	0.576298
138.995	0.576333
139.029	0.576367
139.062	0.576401
139.096	0.576435
139.129	0.576470
139.161	0.576504
139.195	0.576539
139.229	0.576573
139.262	0.576608
139.295	0.576643
139.328	0.576678
139.362	0.576712
139.394	0.576747
139.428	0.576782
139.462	0.576817
139.495	0.576852
139.528	0.576887
139.561	0.576922
139.594	0.576957
139.628	0.576992
139.662	0.577027
139.695	0.577062
139.729	0.577097
139.760	0.577132
139.794	0.577167
139.829	0.577202
139.862	0.577237
139.895	0.577272
139.929	0.577306
139.962	0.577341
139.995	0.577376
140.029	0.577411
140.063	0.577447
140.095	0.577482
140.129	0.577517
140.163	0.577553
140.196	0.577588
140.228	0.577623
140.261	0.577658
140.295	0.577693
140.329	0.577728
140.362	0.577763
140.395	0.577798
140.428	0.577833
140.462	0.577869
140.495	0.577904
140.529	0.577939
140.561	0.577974
140.595	0.578009
140.628	0.578043
140.662	0.578078
140.695	0.578113
140.729	0.578148
140.762	0.578183
140.794	0.578218
140.829	0.578253
140.862	0.578288
140.894	0.578323
140.928	0.578358
140.961	0.578393
140.995	0.578428
141.027	0.578462
141.062	0.578498
141.095	0.578533
141.128	0.578568
141.162	0.578603
141.195	0.578638
141.228	0.578673
141.261	0.578708
141.295	0.578744
141.328	0.578779
141.361	0.578815
141.395	0.578850
141.428	0.578885
141.461	0.578920
141.496	0.578956
141.529	0.578991
141.562	0.579026
141.595	0.579062
141.628	0.579098
141.662	0.579133
141.695	0.579169
141.729	0.579204
141.762	0.579240
141.795	0.579276
141.828	0.579312
141.862	0.579348
141.895	0.579383
141.929	0.579419
141.961	0.579455
141.995	0.579491
142.028	0.579527
142.061	0.579563
142.094	0.579600
142.127	0.579635
142.161	0.579672
142.195	0.579708
142.228	0.579744
142.261	0.579781
142.295	0.579817
142.328	0.579853
142.362	0.579889
142.395	0.579925
142.428	0.579962
142.462	0.579998
142.495	0.580035
142.529	0.580071
142.562	0.580107
142.595	0.580144
142.629	0.580181
142.662	0.580218
142.695	0.580254
142.727	0.580291
142.761	0.580328
142.795	0.580365
142.828	0.580402
142.861	0.580439
142.895	0.580476
142.928	0.580513
142.961	0.580550
142.994	0.580588
143.028	0.580625
143.062	0.580662
143.095	0.580699
143.129	0.580737
143.162	0.580774
143.194	0.580812
143.228	0.580849
143.261	0.580887
143.295	0.580924
143.329	0.580963
143.362	0.581001
143.395	0.581039
143.428	0.581078
143.462	0.581116
143.495	0.581155
143.528	0.581194
143.561	0.581232
143.594	0.581271
143.629	0.581310
143.662	0.581350
143.696	0.581389
143.728	0.581429
143.761	0.581468
143.795	0.581508
143.828	0.581547
143.861	0.581587
143.895	0.581627
143.929	0.581667
143.961	0.581707
143.994	0.581747
144.028	0.581787
144.061	0.581828
144.094	0.581867
144.128	0.581908
144.161	0.581949
144.194	0.581989
144.227	0.582030
144.260	0.582071
144.294	0.582113
144.327	0.582154
144.361	0.582195
144.394	0.582237
144.427	0.582279
144.461	0.582321
144.494	0.582364
144.527	0.582407
144.561	0.582450
144.595	0.582494
144.628	0.582538
144.661	0.582583
144.693	0.582627
144.727	0.582671
144.761	0.582716
144.794	0.582761
144.828	0.582806
144.861	0.582851
144.894	0.582897
144.928	0.582943
144.961	0.582989
144.995	0.583036
145.027	0.583083
145.061	0.583130
145.095	0.583178
145.127	0.583227
145.161	0.583275
145.195	0.583324
145.227	0.583372
145.261	0.583421
145.295	0.583470
145.328	0.583519
145.360	0.583568
145.394	0.583617
145.428	0.583666
145.460	0.583716
145.494	0.583766
145.528	0.583817
145.560	0.583868
145.594	0.583920
145.627	0.583971
145.661	0.584024
145.694	0.584076
145.728	0.584128
145.760	0.584181
145.795	0.584234
145.827	0.584287
145.860	0.584340
145.893	0.584392
145.927	0.584445
145.960	0.584499
145.994	0.584551
146.027	0.584604
146.060	0.584658
146.094	0.584712
146.126	0.584766
146.160	0.584821
146.193	0.584877
146.227	0.584933
146.259	0.584990
146.293	0.585048
146.327	0.585106
146.359	0.585164
146.394	0.585223
146.426	0.585282
146.460	0.585342
146.494	0.585403
146.527	0.585464
146.560	0.585526
146.593	0.585587
146.627	0.585649
146.660	0.585710
146.694	0.585771
146.726	0.585834
146.761	0.585897
146.794	0.585960
146.827	0.586023
146.860	0.586086
146.893	0.586149
146.926	0.586214
146.959	0.586279
146.993	0.586345
147.026	0.586412
147.060	0.586479
147.094	0.586546
147.127	0.586614
147.160	0.586681
147.193	0.586749
147.227	0.586817
147.259	0.586886
147.293	0.586955
147.327	0.587025
147.361	0.587094
147.393	0.587164
147.426	0.587235
147.459	0.587305
147.493	0.587375
147.526	0.587445
147.560	0.587516
147.594	0.587587
147.626	0.587658
147.660	0.587731
147.693	0.587803
147.726	0.587877
147.760	0.587951
147.792	0.588024
147.826	0.588099
147.859	0.588174
147.893	0.588248
147.926	0.588324
147.958	0.588399
147.992	0.588474
148.026	0.588550
148.059	0.588625
148.092	0.588700
148.126	0.588776
148.159	0.588851
148.192	0.588928
148.226	0.589005
148.259	0.589083
148.292	0.589163
148.327	0.589245
148.359	0.589327
148.393	0.589409
148.425	0.589491
148.459	0.589574
148.492	0.589658
148.526	0.589743
148.559	0.589828
148.593	0.589913
148.625	0.589999
148.659	0.590085
148.693	0.590171
148.725	0.590257
148.760	0.590344
148.792	0.590431
148.826	0.590518
148.859	0.590604
148.893	0.590692
148.925	0.590779
148.958	0.590866
148.992	0.590953
149.026	0.591040
149.058	0.591128
149.092	0.591215
149.125	0.591302
149.159	0.591391
149.192	0.591480
149.225	0.591569
149.258	0.591658
149.292	0.591747
149.325	0.591837
149.358	0.591926
149.392	0.592016
149.425	0.592107
149.458	0.592198
149.493	0.592289
149.525	0.592380
149.559	0.592472
149.592	0.592564
149.625	0.592657
149.659	0.592752
149.691	0.592847
149.726	0.592944
149.758	0.593041
149.792	0.593140
149.825	0.593240
149.858	0.593340
149.892	0.593440
149.925	0.593541
149.958	0.593642
149.992	0.593743
150.025	0.593844
150.058	0.593946
150.091	0.594046
150.126	0.594147
150.158	0.594249
150.191	0.594352
150.224	0.594457
150.258	0.594562
150.292	0.594668
150.325	0.594775
150.358	0.594883
150.392	0.594991
150.425	0.595098
150.458	0.595206
150.491	0.595315
150.525	0.595424
150.558	0.595534
150.592	0.595644
150.624	0.595754
150.658	0.595865
150.692	0.595977
150.725	0.596089
150.758	0.596202
150.791	0.596314
150.825	0.596427
150.858	0.596541
150.891	0.596655
150.924	0.596770
150.958	0.596885
150.990	0.597001
151.025	0.597117
151.057	0.597234
151.091	0.597351
151.125	0.597468
151.157	0.597585
151.190	0.597704
151.224	0.597823
151.258	0.597943
151.290	0.598064
151.325	0.598186
151.358	0.598309
151.391	0.598431
151.425	0.598553
151.458	0.598677
151.491	0.598803
151.525	0.598928
151.557	0.599055
151.590	0.599181
151.624	0.599307
151.658	0.599434
151.690	0.599562
151.723	0.599690
151.757	0.599818
151.790	0.599946
151.823	0.600075
151.857	0.600206
151.891	0.600337
151.924	0.600468
151.957	0.600599
151.990	0.600730
152.024	0.600862
152.057	0.600994
152.090	0.601128
152.124	0.601261
152.157	0.601395
152.190	0.601529
152.223	0.601664
152.256	0.601800
152.290	0.601939
152.324	0.602078
152.357	0.602218
152.390	0.602359
152.423	0.602501
152.457	0.602645
152.490	0.602795
152.523	0.602951
152.557	0.603107
152.590	0.603262
152.623	0.603423
152.657	0.603585
152.690	0.603751
152.723	0.603911
152.756	0.604061
152.789	0.604212
152.823	0.604367
152.856	0.604526
152.890	0.604693
152.923	0.604864
152.957	0.605036
152.990	0.605220
153.023	0.605402
153.057	0.605579
153.089	0.605766
153.123	0.605962
153.155	0.606146
153.189	0.606326
153.222	0.606502
153.256	0.606678
153.290	0.606862
153.322	0.607050
153.356	0.607255
153.389	0.607464
153.423	0.607684
153.456	0.607899
153.489	0.608110
153.522	0.608328
153.556	0.608569
153.589	0.608835
153.623	0.609098
153.655	0.609358
153.689	0.609615
153.722	0.609890
153.755	0.610173
153.789	0.610444
153.823	0.610702
153.856	0.610935
153.889	0.611171
153.923	0.611407
153.955	0.611638
153.988	0.611874
154.021	0.612123
154.055	0.612386
154.089	0.612661
154.122	0.612941
154.155	0.613213
154.189	0.613488
154.221	0.613763
154.254	0.614039
154.288	0.614316
154.321	0.614577
154.354	0.614833
154.388	0.615083
154.421	0.615323
154.455	0.615556
154.487	0.615792
154.521	0.616031
154.554	0.616282
154.588	0.616543
154.621	0.616819
154.654	0.617101
154.687	0.617374
154.721	0.617649
154.753	0.617926
154.787	0.618217
154.821	0.618518
154.854	0.618807
154.887	0.619092
154.922	0.619383
154.954	0.619684
154.988	0.620005
155.022	0.620352
155.054	0.620680
155.088	0.620992
155.120	0.621305
155.154	0.621624
155.187	0.621965
155.221	0.622345
155.254	0.622740
155.287	0.623093
155.321	0.623417
155.354	0.623711
155.388	0.623984
155.420	0.624266
155.454	0.624556
155.487	0.624866
155.520	0.625180
155.553	0.625482
155.587	0.625764
155.619	0.626029
155.652	0.626279
155.686	0.626544
155.719	0.626828
155.754	0.627131
155.786	0.627447
155.820	0.627749
155.853	0.628027
155.886	0.628293
155.919	0.628585
155.953	0.628920
155.986	0.629281
156.019	0.629644
156.053	0.630001
156.085	0.630377
156.119	0.630751
156.152	0.631123
156.185	0.631512
156.219	0.631901
156.252	0.632277
156.285	0.632660
156.319	0.633065
156.352	0.633476
156.385	0.633890
156.419	0.634309
156.452	0.634760
156.485	0.635191
156.518	0.635599
156.552	0.636013
156.585	0.636458
156.619	0.636922
156.651	0.637396
156.685	0.637844
156.719	0.638279
156.752	0.638714
156.784	0.639181
156.817	0.639672
156.851	0.640185
156.885	0.640687
156.918	0.641217
156.951	0.641799
156.984	0.642420
157.017	0.643057
157.051	0.643697
157.084	0.644343
157.118	0.644933
157.151	0.645534
157.184	0.646222
157.217	0.646904
157.250	0.647635
157.282	0.648361
157.317	0.649104
157.350	0.649809
157.383	0.650539
157.416	0.651318
157.449	0.652080
157.483	0.652934
157.516	0.653869
157.549	0.654782
157.581	0.655733
157.615	0.656637
157.648	0.657494
157.681	0.658495
157.714	0.659524
157.748	0.660548
157.782	0.661573
157.814	0.662693
157.847	0.663744
157.880	0.664760
157.914	0.665868
157.948	0.666940
157.979	0.667927
158.013	0.669049
158.047	0.670113
158.080	0.671289
158.113	0.672473
158.145	0.673624
158.180	0.674930
158.212	0.676198
158.246	0.677557
158.278	0.678828
158.311	0.680160
158.344	0.681513
158.378	0.682797
158.411	0.684117
158.443	0.685435
158.477	0.686774
158.510	0.688275
158.543	0.689797
158.575	0.691384
158.610	0.692877
158.642	0.694302
158.676	0.695629
158.709	0.697130
158.742	0.698782
158.775	0.700226
158.808	0.701775
158.841	0.703410
158.873	0.704876
158.907	0.706550
158.940	0.707996
158.974	0.709414
159.005	0.710818
159.039	0.712537
159.072	0.714269
159.104	0.715685
159.138	0.717094
159.171	0.718525
159.204	0.720035
159.238	0.721486
159.270	0.722832
159.303	0.724215
159.336	0.725592
159.369	0.726991
159.403	0.728100
159.436	0.729260
159.469	0.730708
159.502	0.732003
159.535	0.733171
159.569	0.734115
159.601	0.735057
159.634	0.735966
159.667	0.737025
159.701	0.738079
159.732	0.739093
159.767	0.739836
159.799	0.740423
159.833	0.740973
159.867	0.741497
159.900	0.742018
159.933	0.742413
159.967	0.742751
160.000	0.743073
160.033	0.743339
160.066	0.743521
160.100	0.743645
160.134	0.743771
160.167	0.743848
160.200	0.743889
160.233	0.743876
160.266	0.743730
160.300	0.743591
160.334	0.743435
160.368	0.743285
160.401	0.743152
160.435	0.742989
160.468	0.742781
160.502	0.742492
160.535	0.742074
160.568	0.741579
160.602	0.740965
160.637	0.740047
160.671	0.738820
160.703	0.737099
160.738	0.735135
160.772	0.733036
160.805	0.730745
160.838	0.728310
160.872	0.725735
160.905	0.723172
160.939	0.720476
160.974	0.717946
161.006	0.715506
161.040	0.713001
161.074	0.710581
161.108	0.707894
161.142	0.705547
161.176	0.702932
161.209	0.700534
161.243	0.698234
161.277	0.695662
161.311	0.692953
161.345	0.690557
161.378	0.687956
161.412	0.685327
161.446	0.682674
161.480	0.680462
161.514	0.677682
161.547	0.675042
161.581	0.672320
161.615	0.670176
161.649	0.667891
161.683	0.665160
161.717	0.662608
161.751	0.660346
161.783	0.657941
161.817	0.655539
161.851	0.653144
161.885	0.650978
161.919	0.648595
161.953	0.646644
161.987	0.644281
162.019	0.641961
162.054	0.640113
162.087	0.638218
162.122	0.636238
162.155	0.634406
162.189	0.632766
162.223	0.631049
162.257	0.629371
162.290	0.627793
162.324	0.626419
162.357	0.625027
162.391	0.623390
162.425	0.621897
162.458	0.620769
162.491	0.619500
162.525	0.618545
162.559	0.617702
162.593	0.616722
162.626	0.615985
162.658	0.615229
162.692	0.614418
162.726	0.613575
162.759	0.612983
162.794	0.612546
162.827	0.612103
162.860	0.611683
162.893	0.611305
162.927	0.611059
162.960	0.610905
162.994	0.610800
163.027	0.610711
163.060	0.610626
163.093	0.610573
163.126	0.610560
163.159	0.610568
163.192	0.610660
163.226	0.610972
163.259	0.611252
163.293	0.611512
163.326	0.611730
163.359	0.611942
163.393	0.612180
163.427	0.612464
163.459	0.612841
163.492	0.613303
163.525	0.613815
163.558	0.614371
163.592	0.615067
163.624	0.615770
163.658	0.616694
163.691	0.617926
163.724	0.619405
163.758	0.621024
163.791	0.622835
163.824	0.624694
163.857	0.626780
163.890	0.628889
163.922	0.630856
163.956	0.633025
163.989	0.635160
164.021	0.637355
164.055	0.639190
164.088	0.641049
164.121	0.642988
164.154	0.645101
164.187	0.647295
164.220	0.649430
164.253	0.651536
164.285	0.653760
164.319	0.655992
164.351	0.658331
164.385	0.660365
164.416	0.662572
164.450	0.665086
164.483	0.667377
164.516	0.669805
164.549	0.672210
164.582	0.674698
164.615	0.676994
164.648	0.679783
164.681	0.682534
164.713	0.685114
164.746	0.687296
164.778	0.689979
164.812	0.692854
164.844	0.695749
164.877	0.698204
164.911	0.701026
164.943	0.703781
164.976	0.706719
165.008	0.709709
165.041	0.712477
165.074	0.715494
165.107	0.718377
165.140	0.721380
165.172	0.724430
165.206	0.727298
165.237	0.730586
165.271	0.734082
165.304	0.737051
165.336	0.740152
165.369	0.743143
165.401	0.746432
165.435	0.749593
165.467	0.753112
165.500	0.756533
165.533	0.760030
165.566	0.763362
165.599	0.766960
165.630	0.770609
165.663	0.773930
165.696	0.777348
165.729	0.781098
165.761	0.784787
165.794	0.788612
165.826	0.792473
165.858	0.796354
165.892	0.799866
165.924	0.803789
165.957	0.807850
165.990	0.812010
166.022	0.815719
166.055	0.819917
166.087	0.823947
166.120	0.828357
166.152	0.832480
166.185	0.836599
166.216	0.840924
166.249	0.845285
166.282	0.849610
166.315	0.854062
166.346	0.858371
166.380	0.862911
166.412	0.867730
166.444	0.872581
166.477	0.877024
166.510	0.882016
166.542	0.886745
166.574	0.891579
166.607	0.896604
166.640	0.901591
166.671	0.906676
166.704	0.911793
166.736	0.916897
166.768	0.922090
166.801	0.927423
166.833	0.932706
166.865	0.938121
166.898	0.943402
166.930	0.949059
166.962	0.954590
166.994	0.960266
167.027	0.966420
167.059	0.972117
167.091	0.977838
167.124	0.983742
167.155	0.989942
167.188	0.995853
167.220	1.002099
167.253	1.008442
167.284	1.014462
167.317	1.021053
167.348	1.027548
167.381	1.034149
167.413	1.040548
167.446	1.047510
167.478	1.054310
167.509	1.061033
167.542	1.068232
167.573	1.074942
167.605	1.082134
167.637	1.089203
167.670	1.096567
167.701	1.103716
167.733	1.111239
167.766	1.118809
167.797	1.126253
167.828	1.134216
167.861	1.141967
167.892	1.149793
167.924	1.157847
167.956	1.166035
167.988	1.174238
168.019	1.182272
168.051	1.190758
168.083	1.199171
168.114	1.207661
168.146	1.216241
168.178	1.224836
168.209	1.233601
168.242	1.242617
168.273	1.251610
168.305	1.260499
168.336	1.269924
168.368	1.279084
168.399	1.288669
168.430	1.297839
168.462	1.307459
168.494	1.317363
168.526	1.327159
168.557	1.337004
168.588	1.346891
168.620	1.356929
168.651	1.367080
168.683	1.377341
168.714	1.387709
168.745	1.398395
168.776	1.408864
168.808	1.419183
168.839	1.429869
168.870	1.440953
168.901	1.451619
168.932	1.462672
168.965	1.473596
168.995	1.484920
169.027	1.496250
169.058	1.507385
169.089	1.518875
169.120	1.530176
169.152	1.541824
169.182	1.553554
169.213	1.565591
169.245	1.577176
169.275	1.589195
169.306	1.601049
169.338	1.612863
169.369	1.625109
169.400	1.637115
169.431	1.649150
169.462	1.661592
169.493	1.673988
169.525	1.686143
169.555	1.698980
169.586	1.711345
169.617	1.723715
169.648	1.736304
169.679	1.748773
169.710	1.761632
169.741	1.774315
169.771	1.786824
169.802	1.799816
169.833	1.812680
169.864	1.825315
169.896	1.838101
169.926	1.850726
169.958	1.863722
169.989	1.876464
170.019	1.889478
170.050	1.902376
170.081	1.915369
170.112	1.928165
170.142	1.940863
170.173	1.953717
170.204	1.966394
170.236	1.979150
170.266	1.991956
170.297	2.004568
170.328	2.017141
170.359	2.029694
170.389	2.042396
170.421	2.054755
170.453	2.067299
170.483	2.079484
170.514	2.091744
170.545	2.103944
170.576	2.115996
170.606	2.128461
170.639	2.140004
170.669	2.152087
170.701	2.163820
170.731	2.175480
170.762	2.186888
170.793	2.198284
170.825	2.209642
170.856	2.220886
170.888	2.231934
170.918	2.242884
170.951	2.253264
170.982	2.263645
171.013	2.274048
171.045	2.283734
171.077	2.293610
171.108	2.303372
171.138	2.312654
171.172	2.321684
171.202	2.330459
171.234	2.339108
171.267	2.347392
171.299	2.355405
171.329	2.363022
171.362	2.370420
171.394	2.377546
171.426	2.384204
171.458	2.390941
171.490	2.396836
171.522	2.402831
171.555	2.408102
171.587	2.412840
171.620	2.417480
171.652	2.421389
171.685	2.425111
171.719	2.428338
171.751	2.430951
171.784	2.432907
171.816	2.434720
171.850	2.435723
171.884	2.436119
171.917	2.436365
171.950	2.435775
171.984	2.434318
172.018	2.432574
172.052	2.430212
172.085	2.427409
172.120	2.423656
172.154	2.419241
172.188	2.414286
172.222	2.408197
172.257	2.401692
172.291	2.394479
172.326	2.386836
172.361	2.378328
172.396	2.368744
172.431	2.358607
172.466	2.348305
172.502	2.336876
172.537	2.324469
172.574	2.311666
172.610	2.297927
172.645	2.283578
172.682	2.268328
172.719	2.252280
172.755	2.235539
172.791	2.218420
172.828	2.200050
172.866	2.181247
172.903	2.161859
172.940	2.141379
172.977	2.120707
173.015	2.099394
173.052	2.077306
173.089	2.054768
173.127	2.031475
173.166	2.007916
173.204	1.983486
173.241	1.958363
173.280	1.933551
173.318	1.907812
173.356	1.881971
173.394	1.855339
173.432	1.828496
173.471	1.801262
173.510	1.774040
173.548	1.746567
173.587	1.718765
173.626	1.690722
173.664	1.662631
173.702	1.634480
173.742	1.606509
173.781	1.578410
173.819	1.550528
173.858	1.522937
173.897	1.495116
173.934	1.467836
173.974	1.441039
174.011	1.414403
174.050	1.387917
174.088	1.362397
174.126	1.337231
174.164	1.312745
174.203	1.288587
174.240	1.265105
174.278	1.242727
174.315	1.220694
174.353	1.199272
174.390	1.178712
174.428	1.158640
174.464	1.139533
174.500	1.120969
174.538	1.103003
174.575	1.085880
174.611	1.069238
174.647	1.053054
174.683	1.037247
174.719	1.022413
174.756	1.007958
174.792	0.994318
174.827	0.981095
174.863	0.968296
174.899	0.956126
174.934	0.944036
174.970	0.932467
175.005	0.921819
175.041	0.911193
175.076	0.900906
175.111	0.890853
175.147	0.881729
175.182	0.872767
175.216	0.863745
175.251	0.855370
175.286	0.847339
175.321	0.839735
175.355	0.832368
175.391	0.825200
175.425	0.818179
175.460	0.811506
175.494	0.805176
175.528	0.798998
175.563	0.793137
175.597	0.787454
175.631	0.782100
175.667	0.776682
175.700	0.771742
175.734	0.766816
175.769	0.762156
175.803	0.757472
175.838	0.753261
175.872	0.748861
175.905	0.745130
175.940	0.741307
175.974	0.737560
176.008	0.733790
176.042	0.730688
176.076	0.727399
176.110	0.723954
176.144	0.720858
176.178	0.717817
176.212	0.715329
176.245	0.712606
176.279	0.710296
176.313	0.707568
176.347	0.704999
176.381	0.702867
176.415	0.700394
176.449	0.698288
176.483	0.696314
176.515	0.694171
176.550	0.692045
176.583	0.690349
176.617	0.688345
176.651	0.687011
176.684	0.685113
176.718	0.683420
176.751	0.682101
176.785	0.680688
176.819	0.679567
176.852	0.678122
176.886	0.676960
176.920	0.675670
176.952	0.674588
176.986	0.673568
177.020	0.672518
177.054	0.671532
177.088	0.670412
177.121	0.669491
177.154	0.668605
177.187	0.667823
177.221	0.666855
177.254	0.666148
177.289	0.665501
177.322	0.664854
177.356	0.664027
177.388	0.663384
177.422	0.662797
177.455	0.662216
177.489	0.661677
177.523	0.661012
177.556	0.660382
177.591	0.659801
177.623	0.659306
177.656	0.658826
177.689	0.658410
177.723	0.658017
177.756	0.657662
177.790	0.657300
177.823	0.656956
177.857	0.656582
177.890	0.656193
177.924	0.655891
177.957	0.655618
177.991	0.655354
178.024	0.655096
178.057	0.654884
178.090	0.654676
178.124	0.654492
178.157	0.654311
178.191	0.654129
178.224	0.653952
178.258	0.653791
178.291	0.653662
178.325	0.653541
178.358	0.653403
178.392	0.653269
178.425	0.653142
178.458	0.653030
178.492	0.652929
178.526	0.652825
178.558	0.652724
178.592	0.652631
178.626	0.652546
178.658	0.652471
178.692	0.652408
178.726	0.652349
178.759	0.652293
178.793	0.652240
178.826	0.652186
178.858	0.652131
178.891	0.652077
178.925	0.652022
178.959	0.651968
178.993	0.651914
179.025	0.651859
179.059	0.651804
179.092	0.651749
179.125	0.651694
179.159	0.651640
179.192	0.651586
179.226	0.651531
179.259	0.651477
179.293	0.651424
179.327	0.651370
179.359	0.651317
179.393	0.651265
179.425	0.651213
179.459	0.651161
179.493	0.651111
179.526	0.651061
179.560	0.651011
179.593	0.650963
179.626	0.650915
179.659	0.650868
179.692	0.650821
179.726	0.650775
179.759	0.650729
179.792	0.650684
179.826	0.650639
179.859	0.650595
179.892	0.650551
179.926	0.650507
179.959	0.650464
179.993	0.650422
180.026	0.650380
180.059	0.650339
180.093	0.650299
180.126	0.650259
180.160	0.650221
180.193	0.650182
180.225	0.650145
180.259	0.650108
180.293	0.650072
180.326	0.650037
180.358	0.650002
180.393	0.649968
180.426	0.649935
180.459	0.649903
180.492	0.649871
180.526	0.649839
180.559	0.649809
180.592	0.649779
180.626	0.649750
180.659	0.649721
180.692	0.649693
180.727	0.649666
180.760	0.649639
180.793	0.649613
180.826	0.649588
180.860	0.649563
180.893	0.649539
180.927	0.649516
180.960	0.649493
180.993	0.649470
181.026	0.649449
181.060	0.649428
181.093	0.649408
181.127	0.649388
181.160	0.649369
181.193	0.649350
181.227	0.649332
181.260	0.649315
181.294	0.649297
181.327	0.649281
181.360	0.649266
181.393	0.649250
181.428	0.649236
181.460	0.649222
181.492	0.649208
181.527	0.649195
181.561	0.649182
181.594	0.649170
181.627	0.649158
181.660	0.649147
181.694	0.649137
181.727	0.649126
181.760	0.649116
181.794	0.649107
181.826	0.649099
181.860	0.649091
181.894	0.649083
181.926	0.649075
181.960	0.649069
181.993	0.649062
182.028	0.649056
182.060	0.649050
182.094	0.649046
182.127	0.649041
182.160	0.649037
182.193	0.649033
182.227	0.649030
182.260	0.649027
182.294	0.649025
182.327	0.649022
182.361	0.649021
182.393	0.649019
182.428	0.649019
182.460	0.649018
182.494	0.649018
182.527	0.649019
182.560	0.649019
182.594	0.649020
182.627	0.649022
182.661	0.649024
182.694	0.649026
182.727	0.649029
182.761	0.649032
182.794	0.649035
182.827	0.649039
182.860	0.649044
182.894	0.649049
182.927	0.649054
182.961	0.649059
182.994	0.649065
183.028	0.649071
183.061	0.649077
183.094	0.649084
183.126	0.649092
183.160	0.649099
183.193	0.649107
183.228	0.649115
183.261	0.649124
183.295	0.649133
183.328	0.649142
183.361	0.649151
183.395	0.649161
183.428	0.649172
183.461	0.649182
183.494	0.649193
183.527	0.649204
183.561	0.649216
183.594	0.649228
183.628	0.649240
183.661	0.649253
183.694	0.649266
183.728	0.649278
183.762	0.649292
183.793	0.649306
183.828	0.649320
183.861	0.649335
183.894	0.649349
183.927	0.649364
183.960	0.649379
183.994	0.649395
184.028	0.649411
184.061	0.649427
184.094	0.649443
184.127	0.649460
184.161	0.649477
184.195	0.649494
184.228	0.649512
184.261	0.649530
184.294	0.649548
184.329	0.649567
184.360	0.649585
184.393	0.649604
184.428	0.649623
184.460	0.649642
184.494	0.649662
184.528	0.649682
184.561	0.649702
184.595	0.649722
184.627	0.649743
184.661	0.649764
184.694	0.649784
184.727	0.649806
184.762	0.649828
184.794	0.649849
184.828	0.649871
184.861	0.649894
184.894	0.649916
184.927	0.649939
184.961	0.649962
184.995	0.649985
185.028	0.650009
185.061	0.650032
185.094	0.650056
185.128	0.650080
185.161	0.650104
185.194	0.650129
185.228	0.650153
185.261	0.650178
185.294	0.650203
185.328	0.650228
185.362	0.650253
185.395	0.650279
185.428	0.650304
185.461	0.650330
185.495	0.650357
185.528	0.650382
185.562	0.650409
185.594	0.650436
185.629	0.650463
185.662	0.650490
185.695	0.650517
185.728	0.650544
185.762	0.650572
185.796	0.650600
185.828	0.650628
185.861	0.650656
185.895	0.650684
185.928	0.650713
185.961	0.650741
185.995	0.650770
186.028	0.650799
186.061	0.650828
186.095	0.650857
186.128	0.650886
186.162	0.650915
186.195	0.650945
186.228	0.650975
186.262	0.651005
186.295	0.651034
186.329	0.651065
186.361	0.651095
186.395	0.651125
186.428	0.651155
186.461	0.651186
186.495	0.651216
186.529	0.651247
186.560	0.651278
186.595	0.651309
186.629	0.651340
186.661	0.651371
186.695	0.651402
186.728	0.651434
186.762	0.651466
186.796	0.651497
186.829	0.651529
186.862	0.651560
186.895	0.651593
186.928	0.651625
186.962	0.651657
186.995	0.651689
187.028	0.651721
187.062	0.651754
187.096	0.651787
187.130	0.651819
187.161	0.651852
187.196	0.651885
187.229	0.651918
187.263	0.651950
187.295	0.651984
187.328	0.652016
187.362	0.652049
187.395	0.652083
187.428	0.652116
187.462	0.652149
187.495	0.652182
187.529	0.652216
187.561	0.652250
187.595	0.652284
187.629	0.652317
187.662	0.652351
187.695	0.652385
187.728	0.652418
187.762	0.652452
187.794	0.652486
187.829	0.652520
187.862	0.652554
187.895	0.652588
187.929	0.652622
187.962	0.652656
