5.0062	458.687
5.0864	459.183
5.1665	458.987
5.2467	461.234
5.3268	458.55
5.407	458.779
5.4872	459.935
5.5673	462.774
5.6475	463.178
5.7277	461.723
5.8079	461.82
5.888	462.244
5.9682	463.013
6.0484	462.083
6.1286	463.142
6.2088	466.132
6.289	465.764
6.3692	465.383
6.4494	465.858
6.5296	465.988
6.6098	466.295
6.69	466.859
6.7702	468.595
6.8504	470.189
6.9306	469.601
7.0109	470.912
7.0911	470.895
7.1713	470.992
7.2515	472.176
7.3318	473.025
7.412	472.004
7.4923	473.443
7.5725	475.696
7.6528	477.44
7.733	478.303
7.8133	477.373
7.8935	476.847
7.9738	479.997
8.0541	481.284
8.1344	481.54
8.2146	482.116
8.2949	483.919
8.3752	486.24
8.4555	485.637
8.5358	487.663
8.6161	489.837
8.6964	491.854
8.7767	494.571
8.857	494.314
8.9373	494.295
9.0176	498.392
9.098	499.713
9.1783	500.886
9.2586	505.558
9.339	507.823
9.4193	508.936
9.4997	511.752
9.58	512.557
9.6604	514.615
9.7407	514.937
9.8211	519.226
9.9015	521.51
9.9818	523.772
10.0622	527.972
10.1426	529.051
10.223	530.277
10.3034	532.601
10.3838	537.009
10.4642	540.268
10.5446	542.49
10.625	544.387
10.7055	547.145
10.7859	551.102
10.8663	553.946
10.9468	557.222
11.0272	559.677
11.1077	562.927
11.1881	564.993
11.2686	568.463
11.349	572.297
11.4295	574.249
11.51	577.318
11.5905	580.652
11.671	582.245
11.7514	586.238
11.8319	587.559
11.9125	589.828
11.993	591.622
12.0735	594.698
12.154	598.436
12.2345	599.281
12.3151	602.44
12.3956	605.397
12.4762	607.652
12.5567	611.517
12.6373	612.723
12.7178	613.436
12.7984	615.949
12.879	617.708
12.9596	620.68
13.0402	621.107
13.1208	624.338
13.2014	627.38
13.282	628.353
13.3626	629.71
13.4432	631.848
13.5239	634.171
13.6045	636.033
13.6851	636.674
13.7658	637.641
13.8465	640.828
13.9271	640.24
14.0078	640.389
14.0885	642.375
14.1692	644.143
14.2499	644.949
14.3306	646.305
14.4113	647.322
14.492	648.038
14.5727	648.631
14.6534	649.897
14.7342	648.859
14.8149	650.375
14.8957	650.605
14.9764	651.591
15.0572	650.516
15.138	650.936
15.2187	652.813
15.2995	652.696
15.3803	652.513
15.4611	651.511
15.542	652.123
15.6228	652.137
15.7036	650.816
15.7844	649.811
15.8653	650.891
15.9461	650.8
16.027	650.135
16.1079	649.352
16.1887	647.413
16.2696	648.045
16.3505	646.068
16.4314	646.406
16.5123	646.268
16.5932	642.379
16.6742	642.501
16.7551	642.949
16.836	641.059
16.917	639.496
16.9979	638.477
17.0789	637.263
17.1599	635.71
17.2409	635.07
17.3219	634.452
17.4029	630.928
17.4839	629.943
17.5649	629.95
17.6459	628.115
17.727	625.129
17.808	626.034
17.8891	624.079
17.9701	623.554
18.0512	622.119
18.1323	620.493
18.2134	620.561
18.2945	619.829
18.3756	617.526
18.4567	617.434
18.5378	618.929
18.619	616.427
18.7001	616.425
18.7813	614.364
18.8625	613.963
18.9436	613.271
19.0248	610.073
19.106	609.548
19.1872	607.019
19.2684	604.704
19.3497	605.575
19.4309	604.396
19.5121	602.975
19.5934	600.694
19.6747	598.547
19.7559	598.327
19.8372	595.612
19.9185	593.758
19.9998	592.357
20.0811	591.478
20.1624	589.042
20.2438	587.722
20.3251	585.697
20.4065	584.289
20.4878	585.144
20.5692	585.674
20.6506	587.158
20.732	591.738
20.8134	597.229
20.8948	610.489
20.9763	633.83
21.0577	669.968
21.1392	714.853
21.2206	760.092
21.3021	789.806
21.3836	805.101
21.4651	797.291
21.5466	766.836
21.6281	716.983
21.7096	659.628
21.7912	608.339
21.8727	567.942
21.9543	541.097
22.0358	521.962
22.1174	510.158
22.199	502.788
22.2806	493.703
22.3622	487.517
22.4439	481.882
22.5255	476.185
22.6072	470.252
22.6888	465.213
22.7705	462.42
22.8522	457.55
22.9339	453.805
23.0156	451.347
23.0973	448.95
23.1791	446.58
23.2608	446.344
23.3426	447.358
23.4243	447.625
23.5061	448.255
23.5879	447.542
23.6697	445.434
23.7515	440.234
23.8334	434.319
23.9152	427.037
23.9971	418.541
24.0789	409.706
24.1608	402.454
24.2427	396.662
24.3246	389.742
24.4065	382.707
24.4885	377.667
24.5704	373.644
24.6524	369.187
24.7343	364.658
24.8163	360.865
24.8983	357.491
24.9803	354.089
25.0624	351.344
25.1444	349.289
25.2264	346.383
25.3085	344.25
25.3906	341.574
25.4727	338.792
25.5548	336.063
25.6369	334.7
25.719	331.409
25.8011	329.214
25.8833	327.255
25.9655	326.091
26.0476	323.198
26.1298	321.499
26.212	319.301
26.2943	317.641
26.3765	316.919
26.4588	314.457
26.541	313.059
26.6233	311.052
26.7056	309.459
26.7879	307.359
26.8702	306.037
26.9525	304.478
27.0349	303.823
27.1173	302.408
27.1996	300.585
27.282	299.32
27.3644	299.079
27.4469	298.13
27.5293	296.973
27.6117	294.432
27.6942	293.445
27.7767	293.12
27.8592	292.739
27.9417	291.121
28.0242	290.703
28.1067	291.067
28.1893	290.311
28.2719	289.331
28.3544	289.137
28.437	287.569
28.5197	286.144
28.6023	284.864
28.6849	284.186
28.7676	283.054
28.8503	283.042
28.9329	282.312
29.0156	281.1
29.0984	280.626
29.1811	280.596
29.2638	280.685
29.3466	280.132
29.4294	279.75
29.5122	279.756
29.595	278.552
29.6778	279.019
29.7607	278.437
29.8435	278.549
29.9264	278.286
30.0093	277.455
30.0922	276.654
30.1751	276.061
30.2581	274.442
30.341	274.361
30.424	273.438
30.507	272.512
30.59	271.769
30.673	271.005
30.7561	270.828
30.8391	270.02
30.9222	269.562
31.0053	269.222
31.0884	268.345
31.1715	267.449
31.2547	267.802
31.3378	267.866
31.421	267.36
31.5042	265.745
31.5874	264.84
31.6706	263.712
31.7539	263.247
31.8371	263.208
31.9204	262.658
32.0037	262.429
32.087	261.567
32.1703	260.923
32.2537	259.505
32.337	259.922
32.4204	259.153
32.5038	258.341
32.5872	258.065
32.6707	256.844
32.7541	256.067
32.8376	255.449
32.9211	254.558
33.0046	254.195
33.0881	252.984
33.1716	252.371
33.2552	251.706
33.3388	250.416
33.4224	250.41
33.506	249.82
33.5896	248.411
33.6733	247.507
33.7569	246.515
33.8406	245.801
33.9243	244.898
34.0081	243.633
34.0918	243.333
34.1756	242.001
34.2593	241.274
34.3431	240.067
34.427	239.764
34.5108	239.096
34.5947	238.058
34.6785	237.249
34.7624	236.065
34.8463	234.738
34.9303	234.127
35.0142	233.644
35.0982	232.247
35.1822	231.643
35.2662	230.462
35.3502	230.025
35.4343	229.393
35.5184	228.602
35.6025	228.327
35.6866	228.0
35.7707	229.152
35.8548	231.246
35.939	232.485
36.0232	233.502
36.1074	232.532
36.1916	230.966
36.2759	227.892
36.3602	224.657
36.4445	221.297
36.5288	220.096
36.6131	218.991
36.6975	217.517
36.7818	216.441
36.8662	215.613
36.9506	214.988
37.0351	213.944
37.1195	213.706
37.204	212.927
37.2885	212.146
37.373	211.464
37.4576	211.095
37.5421	210.628
37.6267	210.704
37.7113	209.88
37.7959	209.497
37.8806	208.619
37.9653	208.94
38.05	206.962
38.1347	206.895
38.2194	206.914
38.3041	205.984
38.3889	205.042
38.4737	204.59
38.5585	204.226
38.6434	203.897
38.7283	203.741
38.8131	204.5
38.898	204.141
38.983	204.174
39.0679	204.078
39.1529	204.679
39.2379	205.588
39.3229	206.091
39.408	206.374
39.493	206.488
39.5781	206.833
39.6632	206.257
39.7484	205.976
39.8335	204.929
39.9187	203.548
40.0039	200.84
40.0891	197.635
40.1744	193.794
40.2597	189.1
40.345	187.889
40.4303	185.771
40.5156	181.615
40.601	177.082
40.6864	176.556
40.7718	158.958
40.8572	0.0
