5.0062	602.041
5.0864	602.998
5.1665	603.866
5.2467	604.191
5.3268	604.215
5.407	609.648
5.4872	609.599
5.5673	609.094
5.6475	610.833
5.7277	610.359
5.8079	613.682
5.888	612.467
5.9682	614.385
6.0484	613.25
6.1286	615.724
6.2088	616.452
6.289	618.065
6.3692	619.198
6.4494	617.67
6.5296	618.858
6.6098	619.949
6.69	623.396
6.7702	625.156
6.8504	624.506
6.9306	625.642
7.0109	629.172
7.0911	630.368
7.1713	632.845
7.2515	631.797
7.3318	629.757
7.412	634.27
7.4923	635.018
7.5725	637.779
7.6528	635.237
7.733	637.677
7.8133	639.988
7.8935	640.841
7.9738	642.419
8.0541	644.118
8.1344	646.592
8.2146	649.892
8.2949	651.324
8.3752	654.985
8.4555	655.595
8.5358	659.439
8.6161	662.889
8.6964	668.241
8.7767	668.609
8.857	669.969
8.9373	672.801
9.0176	677.348
9.098	678.852
9.1783	682.549
9.2586	685.738
9.339	687.142
9.4193	692.635
9.4997	695.63
9.58	700.343
9.6604	703.124
9.7407	705.992
9.8211	708.337
9.9015	712.643
9.9818	718.628
10.0622	724.545
10.1426	727.918
10.223	731.727
10.3034	735.417
10.3838	740.191
10.4642	747.107
10.5446	750.195
10.625	756.034
10.7055	760.255
10.7859	764.822
10.8663	769.282
10.9468	773.424
11.0272	779.45
11.1077	785.782
11.1881	790.843
11.2686	792.879
11.349	797.572
11.4295	803.836
11.51	807.026
11.5905	810.605
11.671	814.785
11.7514	820.797
11.8319	826.517
11.9125	828.221
11.993	834.662
12.0735	838.294
12.154	841.484
12.2345	846.601
12.3151	852.032
12.3956	854.75
12.4762	859.569
12.5567	863.51
12.6373	867.958
12.7178	872.611
12.7984	874.596
12.879	878.042
12.9596	882.38
13.0402	883.085
13.1208	887.859
13.2014	889.721
13.282	893.67
13.3626	897.176
13.4432	899.343
13.5239	901.916
13.6045	903.826
13.6851	905.709
13.7658	910.338
13.8465	911.362
13.9271	914.225
14.0078	914.601
14.0885	916.166
14.1692	919.951
14.2499	921.231
14.3306	923.201
14.4113	921.834
14.492	924.649
14.5727	924.717
14.6534	926.19
14.7342	926.74
14.8149	927.833
14.8957	926.713
14.9764	928.12
15.0572	928.874
15.138	927.796
15.2187	927.252
15.2995	929.069
15.3803	929.543
15.4611	930.221
15.542	928.596
15.6228	925.886
15.7036	927.357
15.7844	923.556
15.8653	923.138
15.9461	919.657
16.027	918.053
16.1079	917.161
16.1887	915.487
16.2696	913.107
16.3505	910.348
16.4314	906.623
16.5123	904.616
16.5932	902.998
16.6742	900.039
16.7551	898.35
16.836	896.257
16.917	891.71
16.9979	890.463
17.0789	886.922
17.1599	882.83
17.2409	879.582
17.3219	875.093
17.4029	873.848
17.4839	869.637
17.5649	866.004
17.6459	862.008
17.727	858.147
17.808	853.464
17.8891	851.177
17.9701	849.097
18.0512	843.653
18.1323	839.495
18.2134	839.026
18.2945	832.073
18.3756	829.948
18.4567	825.648
18.5378	820.964
18.619	817.544
18.7001	816.206
18.7813	810.808
18.8625	807.021
18.9436	802.865
19.0248	799.281
19.106	796.871
19.1872	791.117
19.2684	788.329
19.3497	784.747
19.4309	782.136
19.5121	777.604
19.5934	772.895
19.6747	770.136
19.7559	766.864
19.8372	763.425
19.9185	759.821
19.9998	756.798
20.0811	751.241
20.1624	748.434
20.2438	744.041
20.3251	740.954
20.4065	737.9
20.4878	734.221
20.5692	729.689
20.6506	726.024
20.732	723.55
20.8134	718.709
20.8948	713.832
20.9763	709.912
21.0577	705.766
21.1392	703.008
21.2206	697.377
21.3021	694.752
21.3836	690.233
21.4651	684.128
21.5466	678.387
21.6281	674.609
21.7096	670.196
21.7912	666.477
21.8727	660.63
21.9543	655.633
22.0358	651.209
22.1174	644.651
22.199	640.919
22.2806	633.845
22.3622	629.768
22.4439	623.758
22.5255	619.018
22.6072	613.361
22.6888	608.078
22.7705	602.554
22.8522	598.539
22.9339	593.339
23.0156	587.208
23.0973	582.563
23.1791	576.259
23.2608	571.734
23.3426	565.408
23.4243	560.206
23.5061	555.75
23.5879	550.908
23.6697	545.44
23.7515	541.369
23.8334	536.502
23.9152	531.112
23.9971	527.313
24.0789	521.565
24.1608	517.312
24.2427	512.539
24.3246	507.268
24.4065	502.817
24.4885	498.978
24.5704	494.733
24.6524	491.014
24.7343	486.958
24.8163	481.785
24.8983	479.3
24.9803	475.234
25.0624	472.15
25.1444	468.924
25.2264	463.931
25.3085	460.921
25.3906	457.535
25.4727	454.433
25.5548	451.035
25.6369	449.2
25.719	445.609
25.8011	442.826
25.8833	439.264
25.9655	437.696
26.0476	435.26
26.1298	433.047
26.212	430.864
26.2943	428.881
26.3765	426.284
26.4588	424.227
26.541	422.787
26.6233	419.601
26.7056	417.484
26.7879	414.875
26.8702	413.465
26.9525	411.683
27.0349	409.833
27.1173	407.576
27.1996	405.959
27.282	404.373
27.3644	402.834
27.4469	401.543
27.5293	400.887
27.6117	399.672
27.6942	397.762
27.7767	396.532
27.8592	395.317
27.9417	393.939
28.0242	393.212
28.1067	391.856
28.1893	390.236
28.2719	388.059
28.3544	387.188
28.437	385.908
28.5197	384.464
28.6023	383.36
28.6849	383.525
28.7676	382.547
28.8503	381.97
28.9329	380.928
29.0156	380.412
29.0984	379.05
29.1811	378.329
29.2638	378.279
29.3466	378.921
29.4294	377.23
29.5122	376.717
29.595	375.06
29.6778	374.293
29.7607	373.844
29.8435	373.275
29.9264	372.525
30.0093	371.927
30.0922	372.374
30.1751	372.166
30.2581	370.73
30.341	370.265
30.424	370.116
30.507	370.251
30.59	369.243
30.673	368.135
30.7561	367.199
30.8391	366.652
30.9222	367.93
31.0053	366.479
31.0884	365.364
31.1715	364.656
31.2547	363.397
31.3378	364.444
31.421	363.446
31.5042	361.912
31.5874	359.928
31.6706	359.41
31.7539	358.81
31.8371	357.921
31.9204	357.377
32.0037	357.13
32.087	356.648
32.1703	354.848
32.2537	353.792
32.337	354.136
32.4204	353.497
32.5038	351.411
32.5872	351.366
32.6707	350.996
32.7541	349.685
32.8376	347.661
32.9211	345.957
33.0046	345.739
33.0881	345.057
33.1716	343.74
33.2552	342.857
33.3388	341.534
33.4224	338.675
33.506	338.393
33.5896	337.456
33.6733	335.88
33.7569	335.732
33.8406	333.844
33.9243	332.305
34.0081	330.441
34.0918	329.466
34.1756	328.521
34.2593	327.872
34.3431	326.115
34.427	325.464
34.5108	323.571
34.5947	321.194
34.6785	320.274
34.7624	318.666
34.8463	316.159
34.9303	314.645
35.0142	313.959
35.0982	312.257
35.1822	311.505
35.2662	309.704
35.3502	308.206
35.4343	307.616
35.5184	305.991
35.6025	303.31
35.6866	301.333
35.7707	299.729
35.8548	298.168
35.939	296.954
36.0232	295.464
36.1074	295.04
36.1916	293.735
36.2759	291.09
36.3602	290.416
36.4445	289.828
36.5288	288.207
36.6131	287.403
36.6975	286.021
36.7818	284.721
36.8662	283.871
36.9506	282.75
37.0351	281.715
37.1195	281.07
37.204	280.158
37.2885	279.602
37.373	278.58
37.4576	277.841
37.5421	276.864
37.6267	275.905
37.7113	274.876
37.7959	273.02
37.8806	273.144
37.9653	271.523
38.05	271.043
38.1347	269.395
38.2194	269.523
38.3041	268.42
38.3889	267.475
38.4737	266.418
38.5585	266.094
38.6434	264.696
38.7283	264.805
38.8131	264.107
38.898	263.992
38.983	262.657
39.0679	261.573
39.1529	260.635
39.2379	260.011
39.3229	259.409
39.408	258.657
39.493	257.845
39.5781	257.45
39.6632	255.768
39.7484	254.114
39.8335	252.977
39.9187	250.73
40.0039	248.143
40.0891	244.577
40.1744	237.932
40.2597	231.682
40.345	229.676
40.4303	226.747
40.5156	221.5
40.601	215.591
40.6864	213.75
40.7718	188.991
40.8572	0.0
