5.0062	448.185
5.0864	450.448
5.1665	450.519
5.2467	452.628
5.3268	451.933
5.407	451.241
5.4872	451.233
5.5673	452.324
5.6475	452.648
5.7277	454.398
5.8079	453.385
5.888	454.978
5.9682	457.926
6.0484	456.133
6.1286	458.568
6.2088	455.357
6.289	458.096
6.3692	458.828
6.4494	460.203
6.5296	460.096
6.6098	459.653
6.69	460.797
6.7702	461.07
6.8504	462.942
6.9306	463.0
7.0109	462.315
7.0911	460.726
7.1713	463.221
7.2515	465.059
7.3318	464.895
7.412	465.96
7.4923	466.615
7.5725	467.172
7.6528	466.572
7.733	469.14
7.8133	468.115
7.8935	471.646
7.9738	473.243
8.0541	473.024
8.1344	473.708
8.2146	475.699
8.2949	475.958
8.3752	476.548
8.4555	478.325
8.5358	481.027
8.6161	481.157
8.6964	483.595
8.7767	484.075
8.857	486.873
8.9373	489.106
9.0176	489.083
9.098	491.882
9.1783	493.047
9.2586	494.571
9.339	497.259
9.4193	499.692
9.4997	500.075
9.58	502.666
9.6604	504.053
9.7407	506.238
9.8211	509.089
9.9015	511.703
9.9818	514.138
10.0622	516.704
10.1426	518.498
10.223	519.756
10.3034	522.563
10.3838	526.277
10.4642	529.821
10.5446	532.01
10.625	534.49
10.7055	538.464
10.7859	540.687
10.8663	542.337
10.9468	544.724
11.0272	548.894
11.1077	550.687
11.1881	553.889
11.2686	558.187
11.349	558.217
11.4295	560.658
11.51	564.482
11.5905	567.724
11.671	569.559
11.7514	573.13
11.8319	575.507
11.9125	578.16
11.993	580.298
12.0735	584.404
12.154	585.864
12.2345	590.275
12.3151	591.121
12.3956	593.578
12.4762	593.575
12.5567	596.844
12.6373	599.905
12.7178	601.511
12.7984	602.654
12.879	604.968
12.9596	607.436
13.0402	608.322
13.1208	612.679
13.2014	612.861
13.282	614.831
13.3626	617.923
13.4432	618.528
13.5239	619.424
13.6045	619.919
13.6851	620.671
13.7658	623.672
13.8465	625.175
13.9271	624.675
14.0078	626.101
14.0885	628.511
14.1692	628.849
14.2499	629.774
14.3306	631.11
14.4113	631.635
14.492	633.194
14.5727	632.99
14.6534	633.426
14.7342	633.175
14.8149	633.215
14.8957	634.9
14.9764	635.065
15.0572	634.927
15.138	634.717
15.2187	636.134
15.2995	634.64
15.3803	634.872
15.4611	635.099
15.542	634.327
15.6228	634.201
15.7036	634.446
15.7844	633.811
15.8653	632.714
15.9461	631.468
16.027	631.27
16.1079	629.654
16.1887	628.995
16.2696	626.817
16.3505	624.353
16.4314	625.428
16.5123	624.297
16.5932	623.306
16.6742	622.73
16.7551	621.955
16.836	618.42
16.917	615.879
16.9979	613.927
17.0789	612.11
17.1599	611.055
17.2409	608.893
17.3219	607.408
17.4029	606.872
17.4839	604.42
17.5649	603.096
17.6459	600.864
17.727	598.628
17.808	596.321
17.8891	595.373
17.9701	593.858
18.0512	591.652
18.1323	589.297
18.2134	587.681
18.2945	586.442
18.3756	584.539
18.4567	583.487
18.5378	581.378
18.619	578.599
18.7001	576.748
18.7813	576.088
18.8625	574.728
18.9436	572.456
19.0248	571.012
19.106	569.74
19.1872	567.725
19.2684	564.958
19.3497	563.258
19.4309	562.757
19.5121	559.285
19.5934	557.444
19.6747	556.039
19.7559	553.07
19.8372	551.077
19.9185	548.35
19.9998	546.415
20.0811	544.155
20.1624	543.943
20.2438	542.46
20.3251	540.653
20.4065	539.295
20.4878	536.995
20.5692	535.393
20.6506	535.245
20.732	535.234
20.8134	536.988
20.8948	539.612
20.9763	546.346
21.0577	560.464
21.1392	593.803
21.2206	667.415
21.3021	793.263
21.3836	931.618
21.4651	1023.524
21.5466	1050.641
21.6281	1021.071
21.7096	917.591
21.7912	763.664
21.8727	625.81
21.9543	542.813
22.0358	504.445
22.1174	486.783
22.199	476.529
22.2806	468.479
22.3622	462.684
22.4439	457.122
22.5255	451.76
22.6072	445.836
22.6888	440.926
22.7705	436.636
22.8522	432.063
22.9339	427.504
23.0156	424.695
23.0973	421.179
23.1791	418.697
23.2608	414.66
23.3426	413.326
23.4243	412.174
23.5061	413.436
23.5879	419.669
23.6697	430.683
23.7515	440.248
23.8334	445.905
23.9152	445.771
23.9971	440.704
24.0789	433.409
24.1608	416.891
24.2427	397.889
24.3246	382.39
24.4065	370.352
24.4885	362.216
24.5704	357.392
24.6524	352.008
24.7343	348.895
24.8163	345.198
24.8983	342.724
24.9803	339.636
25.0624	336.85
25.1444	334.112
25.2264	331.102
25.3085	328.714
25.3906	326.818
25.4727	324.106
25.5548	321.01
25.6369	319.386
25.719	317.298
25.8011	315.625
25.8833	314.525
25.9655	312.214
26.0476	310.044
26.1298	308.512
26.212	306.423
26.2943	304.748
26.3765	303.343
26.4588	302.29
26.541	301.195
26.6233	298.919
26.7056	297.273
26.7879	294.961
26.8702	293.541
26.9525	292.63
27.0349	292.193
27.1173	290.519
27.1996	289.109
27.282	288.076
27.3644	286.151
27.4469	285.581
27.5293	284.993
27.6117	283.988
27.6942	283.048
27.7767	281.675
27.8592	280.873
27.9417	279.791
28.0242	278.874
28.1067	278.401
28.1893	277.68
28.2719	275.775
28.3544	274.705
28.437	274.406
28.5197	273.137
28.6023	273.051
28.6849	272.172
28.7676	271.274
28.8503	271.303
28.9329	270.88
29.0156	269.857
29.0984	269.579
29.1811	268.967
29.2638	268.731
29.3466	267.996
29.4294	267.303
29.5122	267.251
29.595	267.254
29.6778	266.916
29.7607	268.048
29.8435	268.579
29.9264	269.236
30.0093	270.062
30.0922	268.76
30.1751	267.627
30.2581	266.295
30.341	265.164
30.424	264.616
30.507	262.616
30.59	261.488
30.673	260.493
30.7561	259.442
30.8391	259.729
30.9222	259.025
31.0053	258.845
31.0884	258.519
31.1715	258.107
31.2547	257.412
31.3378	256.696
31.421	255.766
31.5042	255.009
31.5874	253.588
31.6706	253.314
31.7539	252.813
31.8371	252.662
31.9204	251.609
32.0037	250.828
32.087	250.984
32.1703	250.783
32.2537	249.76
32.337	249.276
32.4204	248.067
32.5038	247.098
32.5872	246.901
32.6707	246.081
32.7541	245.689
32.8376	245.938
32.9211	244.884
33.0046	244.181
33.0881	244.152
33.1716	243.795
33.2552	242.467
33.3388	241.958
33.4224	240.046
33.506	240.261
33.5896	239.169
33.6733	238.328
33.7569	237.057
33.8406	236.793
33.9243	236.08
34.0081	234.542
34.0918	233.909
34.1756	233.32
34.2593	231.776
34.3431	231.37
34.427	230.241
34.5108	229.53
34.5947	228.492
34.6785	227.665
34.7624	226.333
34.8463	225.179
34.9303	223.581
35.0142	223.576
35.0982	222.812
35.1822	220.799
35.2662	220.077
35.3502	220.097
35.4343	218.854
35.5184	218.775
35.6025	217.018
35.6866	215.953
35.7707	216.396
35.8548	217.485
35.939	219.848
36.0232	223.152
36.1074	227.276
36.1916	229.87
36.2759	229.67
36.3602	227.04
36.4445	222.17
36.5288	216.481
36.6131	212.034
36.6975	209.563
36.7818	207.087
36.8662	206.453
36.9506	205.343
37.0351	204.509
37.1195	204.202
37.204	202.784
37.2885	202.432
37.373	202.192
37.4576	201.018
37.5421	201.419
37.6267	200.748
37.7113	200.468
37.7959	199.719
37.8806	199.52
37.9653	199.411
38.05	198.987
38.1347	198.834
38.2194	199.604
38.3041	199.714
38.3889	198.828
38.4737	198.164
38.5585	196.65
38.6434	196.095
38.7283	194.978
38.8131	194.392
38.898	193.697
38.983	193.574
39.0679	193.655
39.1529	193.89
39.2379	193.994
39.3229	195.681
39.408	197.297
39.493	200.588
39.5781	202.903
39.6632	204.61
39.7484	204.636
39.8335	203.287
39.9187	199.977
40.0039	195.758
40.0891	190.152
40.1744	184.8
40.2597	179.72
40.345	177.883
40.4303	176.744
40.5156	174.535
40.601	170.86
40.6864	172.461
40.7718	152.738
40.8572	0.0
